Adobe After Effects 8.0 Keyframe Data

	Units Per Second	24
	Source Width	640
	Source Height	480
	Source Pixel Aspect Ratio	1
	Comp Pixel Aspect Ratio	1

Effects	Puppet #2	arap #3	Mesh	Mesh #1	Deform	Pin #1	Position
	Frame	X pixels	Y pixels
	0	396.264	138.14038
	1	396.83243	137.8942
	2	397.48206	138.46164
	3	397.94162	139.021
	4	398.28528	139.25027
	5	398.6464	139.553
	6	398.85535	139.11877
	7	399.29358	139.4442
	8	399.5594	139.81685
	9	399.67072	139.38255
	10	399.2553	140.47217
	11	399.46985	139.9018
	12	399.56	140.86354
	13	399.53433	140.68582
	14	399.5614	140.95377
	15	399.2411	140.56015
	16	398.91345	140.01341
	17	398.80353	139.85431
	18	398.20197	139.46893
	19	398.1562	138.87538
	20	398.22986	139.08319
	21	398.57	139.01917
	22	398.2767	139.34764
	23	398.8512	140.82056
	24	398.8548	141.36635
	25	398.61523	141.75084
	26	399.1176	141.53456
	27	399.21024	141.40076
	28	399.35846	141.69821
	29	399.3985	142.02693
	30	399.86755	141.75427
	31	400.53455	141.74237
	32	400.5622	141.6864
	33	401.0127	141.32663
	34	400.90125	141.41006
	35	400.3626	142.01869
	36	400.03882	141.39279
	37	399.85144	141.15846
	38	399.21756	141.70679
	39	398.30884	142.25009
	40	398.4344	143.3624
	41	397.89642	142.90816
	42	397.33182	143.00623
	43	396.641	143.17352
	44	396.60733	143.54776
	45	396.207	144.21666
	46	395.60236	143.69287
	47	395.56982	143.77219
	48	395.59207	143.9914
	49	395.6839	144.48929
	50	395.24042	144.20615
	51	394.97818	143.6536
	52	395.4458	143.49629
	53	395.3333	142.35802
	54	395.23248	141.97736
	55	395.4831	141.5401
	56	395.274	140.30829
	57	395.59668	139.99605
	58	395.7263	138.67639
	59	395.84882	138.37106
	60	395.57544	138.31937
	61	395.48663	138.85153
	62	395.05768	138.8309
	63	394.80127	138.68582
	64	394.94208	139.05615
	65	394.3075	138.91704
	66	394.5835	139.9313
	67	394.94275	139.64052
	68	395.1961	140.23097
	69	395.54672	140.75935
	70	395.6619	140.35333
	71	395.51514	139.77435
	72	395.4063	139.5413
	73	395.1109	139.53091
	74	394.98895	139.94855
	75	395.07745	141.20024
	76	394.71497	141.095
	77	394.93494	141.17175
	78	394.41187	140.95203
	79	394.55225	142.25038
	80	395.19757	142.58157
	81	395.27286	142.7314
	82	395.73367	143.23914
	83	397.27936	144.42789
	84	398.37854	145.30223
	85	399.3961	147.55795
	86	400.48535	149.39793
	87	401.5823	152.44771
	88	402.47684	154.67929
	89	403.1057	157.664
	90	403.39575	159.38287
	91	403.2732	161.50058
	92	403.2433	163.1884
	93	403.21365	164.75885
	94	402.876	166.12903
	95	403.17267	166.89975
	96	402.7196	167.94022
	97	402.87915	168.49658
	98	402.8592	169.8046
	99	402.50665	170.59952
	100	403.11435	171.8335
	101	403.36133	172.2013
	102	403.3169	172.8231
	103	403.92975	173.71072
	104	404.23566	174.22928
	105	404.4975	174.25488
	106	404.89795	175.00809
	107	404.5197	174.27124
	108	404.24127	174.70065
	109	403.83246	173.85663
	110	404.313	174.11572
	111	404.41266	173.23596
	112	404.54654	173.44296
	113	404.69418	173.22739
	114	404.88284	173.22752
	115	404.7395	173.15283
	116	404.6502	172.8458
	117	404.59723	172.68553
	118	404.4742	172.57013
	119	404.5749	173.05426
	120	404.56177	173.09143
	121	404.73346	172.79726
	122	404.80975	173.02008
	123	404.9962	172.45259
	124	405.25934	172.20859
	125	405.602	171.15305
	126	406.50037	171.65494
	127	407.2873	170.56873
	128	408.32278	170.16296
	129	409.45282	168.89746
	130	411.0282	168.44093
	131	413.3742	166.95312
	132	415.8205	166.19969
	133	417.86945	165.17331
	134	419.8756	164.02054
	135	422.89587	162.92819
	136	425.6927	162.28523
	137	428.27582	162.15976
	138	431.93005	162.25552
	139	436.44806	162.5922
	140	440.1784	164.00081
	141	443.09808	163.94342
	142	445.40298	163.88144
	143	448.30533	164.86334
	144	450.00522	165.51672
	145	450.56445	166.36081
	146	450.75702	166.90228
	147	450.26538	166.90826
	148	449.4151	167.79861
	149	448.69034	168.18628
	150	447.71277	168.54388
	151	446.4713	169.28815
	152	445.66208	170.36972
	153	444.73737	171.03018
	154	444.16907	171.2854
	155	443.90662	172.48941
	156	444.0254	172.97504
	157	443.2766	172.82681
	158	442.74493	172.55655
	159	442.18683	173.61407
	160	442.175	174.13722
	161	441.87677	174.43924
	162	441.68555	175.93033
	163	441.79214	175.91968
	164	440.7644	174.77176
	165	440.36383	174.98975
	166	439.57697	175.03772
	167	438.6096	174.16907
	168	438.4585	174.60318
	169	438.20023	175.41284
	170	437.77832	175.37573
	171	437.55554	175.35622
	172	437.5495	176.14722
	173	436.65582	174.98854
	174	436.7796	174.7322
	175	436.6106	175.39447
	176	436.755	175.85677
	177	436.58942	175.5928
	178	436.6317	175.74496
	179	436.73267	176.39001
	180	436.6336	176.50845
	181	437.28143	177.17435
	182	437.30554	177.7779
	183	438.08517	178.74065
	184	438.45456	178.03839
	185	438.82947	177.87753
	186	438.36182	177.82974
	187	438.5779	177.44347
	188	438.63226	177.56325
	189	438.95837	177.54155
	190	439.2619	177.23886
	191	438.65717	177.44368
	192	438.44733	177.48595
	193	437.85052	176.61697
	194	438.03632	176.10895
	195	437.99072	175.43509
	196	438.31238	174.72029
	197	438.865	175.14612
	198	438.09998	175.53915
	199	437.5268	175.8174
	200	437.0882	175.99269
	201	436.72775	176.05542
	202	436.61737	176.36313
	203	434.60843	174.79639
	204	433.60864	174.01147
	205	432.41663	173.75403
	206	431.0292	173.29227
	207	429.45734	171.57681
	208	428.4411	170.42065
	209	426.75153	169.11435
	210	425.67908	169.51341
	211	424.88202	169.55658
	212	423.73724	166.13641
	213	422.47687	164.90225
	214	421.4162	163.37595
	215	421.0531	162.92606
	216	421.04355	162.11484
	217	420.51376	160.29248
	218	420.47397	158.50703
	219	420.9948	157.12729
	220	420.8037	154.40451
	221	420.7457	153.18658
	222	420.9102	151.61426
	223	420.76166	151.14813
	224	420.50534	150.47775
	225	419.58875	151.15416
	226	419.3245	152.01486
	227	418.01782	152.39062
	228	417.27533	152.63376
	229	416.64966	152.98094
	230	415.61163	152.92651
	231	415.09506	153.564
	232	414.47333	153.37457
	233	413.29034	154.01175
	234	412.5666	154.82681
	235	412.01874	155.00946
	236	411.50665	155.13483
	237	410.3803	153.06454
	238	409.6272	153.10489
	239	407.93768	152.30168
	240	406.8257	152.83511
	241	406.03967	153.23108
	242	405.55414	151.93503
	243	405.03943	150.74701
	244	404.62164	150.49466
	245	404.41522	150.49442
	246	404.35574	150.64462
	247	404.3013	150.64687
	248	404.61246	151.82248
	249	404.39288	152.0652
	250	404.6966	151.94934
	251	404.79083	151.70297
	252	404.46814	151.40796
	253	404.76108	152.05098
	254	404.5182	151.50882

Effects	Puppet #2	arap #3	Mesh	Mesh #1	Deform	Pin #2	Position
	Frame	X pixels	Y pixels
	0	396.3401	214.2696
	1	396.6858	213.98291
	2	397.14035	214.2545
	3	397.45905	214.77472
	4	397.84705	214.53853
	5	397.7964	214.43327
	6	397.84518	213.75294
	7	397.9334	213.15468
	8	397.76892	213.08951
	9	397.9781	212.40659
	10	397.8145	213.22475
	11	398.62424	212.76366
	12	398.78577	214.05394
	13	398.8117	214.34734
	14	398.7657	214.91087
	15	398.74374	214.59198
	16	398.62888	214.58089
	17	398.70874	214.50328
	18	398.8368	214.30579
	19	398.99274	213.94293
	20	399.26727	213.96529
	21	399.72806	213.91196
	22	398.92236	214.43259
	23	399.28738	215.63222
	24	399.53638	216.13496
	25	398.7924	216.4658
	26	398.68774	215.8222
	27	398.34592	215.87973
	28	398.74728	215.23859
	29	398.68698	215.17532
	30	398.8341	214.52153
	31	399.497	214.13521
	32	399.30264	214.02948
	33	399.21008	213.39893
	34	399.18842	213.29727
	35	398.7918	213.58633
	36	398.7124	213.23087
	37	398.65115	213.3744
	38	398.0243	213.61734
	39	397.8574	213.92831
	40	398.22968	214.62428
	41	398.34753	213.93823
	42	398.31195	213.83641
	43	397.68732	213.49565
	44	397.41754	213.43282
	45	397.1959	213.81221
	46	397.0969	213.45984
	47	395.90582	214.68861
	48	395.19586	215.78123
	49	395.0711	216.80048
	50	394.32367	217.01906
	51	393.2716	216.99033
	52	393.28766	216.80157
	53	393.89423	216.12706
	54	394.42932	216.2592
	55	395.1142	216.31046
	56	395.8922	215.22389
	57	396.36105	215.02188
	58	396.94577	214.03674
	59	397.24457	213.85678
	60	397.3037	213.86742
	61	397.263	214.31677
	62	396.90167	214.31973
	63	396.8833	214.2765
	64	397.04077	214.35727
	65	396.66095	214.39185
	66	396.2934	215.04088
	67	396.64752	214.9235
	68	396.72705	215.33139
	69	395.8803	215.93932
	70	395.045	215.96747
	71	394.46597	215.59975
	72	394.10507	215.39034
	73	393.5187	215.29474
	74	392.24756	215.50262
	75	392.16925	216.24849
	76	392.0547	216.42303
	77	392.3051	216.15685
	78	392.43256	215.95474
	79	392.69424	216.55823
	80	393.1679	216.56468
	81	393.64087	216.33945
	82	394.03973	216.06873
	83	395.2658	216.39197
	84	396.1197	216.63403
	85	396.61877	217.87645
	86	397.3562	219.39748
	87	397.94147	221.81638
	88	398.30853	222.75522
	89	398.52902	225.1749
	90	399.00592	225.6189
	91	399.62497	226.34935
	92	400.31876	227.06483
	93	400.53784	227.70505
	94	400.33514	227.78241
	95	400.33044	226.85674
	96	399.27618	224.84854
	97	398.2626	222.56763
	98	397.16254	221.589
	99	395.76392	220.79324
	100	395.0901	220.9644
	101	392.54065	219.88187
	102	390.81784	220.14346
	103	390.39462	220.64941
	104	390.52313	220.36932
	105	390.67264	220.02098
	106	391.1114	220.16008
	107	391.00177	219.1375
	108	390.58868	219.26389
	109	390.5412	218.51402
	110	390.87003	218.59969
	111	391.09888	217.7082
	112	391.18097	217.59142
	113	391.25513	217.15088
	114	391.37396	216.82991
	115	391.3985	216.3149
	116	391.72592	215.88004
	117	391.85272	216.03653
	118	392.82953	217.3297
	119	393.7836	218.52495
	120	394.08362	220.13144
	121	394.52942	220.41397
	122	395.33044	221.3596
	123	395.5124	222.36852
	124	396.19727	222.90904
	125	396.46835	223.43047
	126	397.51996	224.9041
	127	399.60016	226.96613
	128	401.21924	228.26442
	129	402.08154	228.7867
	130	403.8222	229.19348
	131	405.97488	228.59746
	132	408.72974	228.66539
	133	410.62067	228.16156
	134	412.01135	227.90317
	135	413.76685	228.16618
	136	416.69196	228.28395
	137	419.0409	228.61784
	138	422.4015	228.72743
	139	426.21365	229.52908
	140	429.66406	231.18234
	141	432.67285	231.40915
	142	434.87546	231.70312
	143	436.5713	232.42316
	144	437.47882	233.1849
	145	437.639	234.2151
	146	437.0243	234.76056
	147	434.96466	234.49472
	148	433.2762	235.26547
	149	431.43433	234.77759
	150	429.5125	233.9159
	151	427.38647	233.39348
	152	426.2117	233.43091
	153	425.1596	233.01381
	154	424.39255	233.1026
	155	423.91382	233.61891
	156	423.38345	233.42656
	157	422.52182	232.83983
	158	421.70264	232.41162
	159	420.94608	233.1255
	160	420.53442	232.98909
	161	419.9109	232.75424
	162	419.10098	233.9375
	163	418.71338	234.10916
	164	418.11017	232.9079
	165	417.22913	232.79428
	166	415.84808	232.77657
	167	415.41907	232.21544
	168	416.16052	233.03122
	169	416.57117	234.71404
	170	417.7268	235.47134
	171	420.67593	236.57802
	172	422.20972	237.54483
	173	422.90717	236.94386
	174	423.81018	236.88843
	175	424.10367	237.98512
	176	426.8371	238.05736
	177	427.85068	237.83679
	178	428.41565	237.91666
	179	428.41492	238.15923
	180	427.84857	238.4634
	181	427.44348	239.00928
	182	426.5412	239.25606
	183	426.4762	239.59384
	184	426.16022	238.54773
	185	425.90274	238.1571
	186	425.3871	237.937
	187	425.40906	237.49004
	188	425.67157	237.93517
	189	425.84476	238.18668
	190	425.64294	238.1253
	191	425.61774	238.23064
	192	425.37866	238.43219
	193	425.409	237.57965
	194	425.7256	237.48453
	195	426.1276	237.18385
	196	426.55127	236.67819
	197	426.91534	237.04784
	198	426.3126	237.27156
	199	426.04904	237.67299
	200	425.8183	237.81674
	201	425.78693	238.35768
	202	425.90515	238.93094
	203	424.64502	237.23415
	204	423.41565	237.06516
	205	422.90527	237.3109
	206	422.09772	237.29788
	207	421.41785	235.83263
	208	420.65137	235.51334
	209	420.05536	235.22899
	210	419.42755	236.28122
	211	418.88443	236.89774
	212	418.5109	235.0149
	213	417.49585	234.459
	214	416.97415	233.84776
	215	416.67603	233.92032
	216	416.6189	233.74054
	217	415.75787	232.97762
	218	415.28732	232.10498
	219	415.06192	231.5984
	220	414.7147	230.16353
	221	414.11597	230.22241
	222	414.22736	230.03317
	223	414.06525	230.87149
	224	414.06094	231.06409
	225	413.2848	232.61102
	226	413.15808	234.09459
	227	412.3758	235.40688
	228	411.83167	236.17033
	229	411.26453	237.13603
	230	410.51093	238.12352
	231	410.32843	239.21158
	232	410.02747	239.6104
	233	409.2529	240.52179
	234	408.71527	241.49832
	235	408.3115	242.16022
	236	407.9153	242.63655
	237	407.62134	241.47949
	238	407.28073	241.43588
	239	406.33438	240.97864
	240	405.49316	241.42905
	241	405.76086	241.8304
	242	405.90356	241.04121
	243	405.83386	239.82385
	244	405.9029	239.34073
	245	405.9946	239.18028
	246	406.03973	239.04779
	247	406.11975	238.73349
	248	406.10776	239.57182
	249	405.68146	239.7496
	250	405.50214	239.75967
	251	405.24036	239.62878
	252	404.79968	239.4379
	253	404.47534	239.74205
	254	404.05554	239.65103

Effects	Puppet #2	arap #3	Mesh	Mesh #1	Deform	Pin #3	Position
	Frame	X pixels	Y pixels
	0	395.78088	294.81067
	1	395.97363	294.4445
	2	396.32898	294.58524
	3	396.5348	294.95035
	4	396.81708	294.40622
	5	396.54034	294.16733
	6	396.4359	293.21072
	7	396.15967	292.34137
	8	395.8017	292.05313
	9	396.16235	291.15292
	10	396.25055	291.91238
	11	397.73047	291.41748
	12	397.92963	292.86212
	13	397.97467	293.21036
	14	397.93286	293.9466
	15	398.02747	293.705
	16	398.05292	293.85788
	17	398.37128	293.92676
	18	399.19983	293.94458
	19	399.5434	293.6719
	20	399.9171	293.78595
	21	400.6153	293.79367
	22	399.34818	294.2963
	23	399.53732	295.53015
	24	399.79395	296.05322
	25	398.3794	296.19843
	26	397.78644	295.30267
	27	397.1317	295.16165
	28	397.36664	294.22168
	29	397.47064	294.0258
	30	397.41327	293.15707
	31	398.01285	292.64313
	32	397.71237	292.4419
	33	397.1307	291.52655
	34	397.08337	291.3282
	35	397.05988	291.5812
	36	397.25702	291.16083
	37	397.5137	291.4608
	38	396.83752	291.7154
	39	397.35492	291.82382
	40	397.8907	292.443
	41	398.56653	291.5622
	42	398.98532	291.3221
	43	398.4502	290.7368
	44	398.01956	290.5391
	45	397.9375	290.80383
	46	398.32635	290.4514
	47	395.70642	291.85458
	48	394.22144	293.06583
	49	393.9123	294.28983
	50	392.71332	294.92996
	51	390.6293	295.1902
	52	390.2832	295.19003
	53	391.6319	294.67508
	54	392.96387	295.21115
	55	394.10846	295.6282
	56	395.7579	294.70004
	57	396.47668	294.71393
	58	397.38214	293.82996
	59	397.89435	293.72607
	60	398.26312	293.75925
	61	398.29074	294.23914
	62	397.9456	294.25937
	63	398.1922	294.25836
	64	398.40796	294.34436
	65	398.2353	294.3443
	66	397.4255	295.02753
	67	397.7973	294.88324
	68	397.7038	295.25046
	69	395.72687	295.8659
	70	393.64496	295.8595
	71	392.5468	295.43814
	72	391.92303	295.25098
	73	390.97748	294.98273
	74	388.4677	294.95093
	75	388.29645	295.67047
	76	388.35022	295.8148
	77	388.6231	295.398
	78	389.35095	295.14264
	79	389.63055	295.42963
	80	390.06866	295.29736
	81	391.07935	294.82874
	82	391.3482	294.07153
	83	392.38174	293.77753
	84	392.9242	293.36066
	85	393.1527	294.13345
	86	393.31836	295.19766
	87	393.268	296.6272
	88	393.11703	296.62085
	89	393.66745	298.48315
	90	394.05307	298.3109
	91	395.1339	298.05713
	92	396.33878	297.9919
	93	396.88876	297.94672
	94	396.87097	297.1227
	95	396.53485	294.96487
	96	394.55103	290.8507
	97	392.07196	286.46466
	98	389.4312	283.46707
	99	386.5869	281.2203
	100	384.47705	280.21478
	101	378.33765	277.6785
	102	374.8381	277.46936
	103	373.195	277.4336
	104	372.97644	276.15625
	105	372.99677	275.27414
	106	373.5459	274.98022
	107	373.51617	273.5739
	108	373.0644	273.5272
	109	373.34653	272.5772
	110	373.63428	272.80127
	111	374.03894	272.05753
	112	374.24756	271.68054
	113	374.37375	270.99313
	114	374.559	270.4408
	115	374.84723	269.5499
	116	375.70834	269.22595
	117	376.1112	269.70148
	118	378.64166	272.54538
	119	381.07245	274.70145
	120	381.83496	277.9901
	121	382.68417	278.771
	122	384.46936	280.48877
	123	384.63272	282.7571
	124	385.7119	283.8308
	125	385.51996	285.09222
	126	386.9777	287.23938
	127	390.81833	292.042
	128	393.02295	294.69876
	129	393.4707	296.2849
	130	395.72046	297.50522
	131	397.8407	297.6961
	132	400.92105	298.49066
	133	402.5594	298.53778
	134	403.19617	298.79523
	135	404.09946	299.94012
	136	407.20648	300.76538
	137	409.09885	301.59378
	138	412.18134	301.87982
	139	415.43433	303.2983
	140	418.49216	305.26425
	141	421.2881	305.81653
	142	423.00278	306.24002
	143	422.9897	306.71387
	144	422.81113	307.32843
	145	422.35977	308.23166
	146	420.75775	308.3676
	147	417.03076	307.5608
	148	414.2958	308.00894
	149	411.1255	306.93295
	150	407.92236	305.27765
	151	404.68878	303.75232
	152	402.95795	303.06863
	153	401.5962	302.13345
	154	400.58417	302.03726
	155	399.85315	301.88824
	156	398.4874	301.01788
	157	397.32285	300.23386
	158	396.11005	299.6999
	159	394.97046	300.09433
	160	394.18677	299.2922
	161	393.03116	298.79727
	162	391.5485	299.51468
	163	390.78833	299.45587
	164	390.52985	297.92307
	165	389.20026	297.4451
	166	387.14697	297.3113
	167	387.32794	296.91376
	168	389.3111	298.3316
	169	390.65198	300.82193
	170	393.6645	302.35764
	171	400.33978	304.57843
	172	404.04675	306.08347
	173	406.6621	306.1072
	174	408.44666	306.25534
	175	409.11847	307.74493
	176	414.85205	307.9823
	177	417.4466	307.9078
	178	418.38776	308.14368
	179	418.31274	308.18512
	180	417.06027	308.58038
	181	415.24292	309.00024
	182	412.84604	309.03696
	183	411.6958	308.97507
	184	410.47827	307.6955
	185	409.62985	306.9657
	186	409.13812	306.73438
	187	409.02795	306.06287
	188	409.36954	306.81592
	189	409.38025	307.37592
	190	408.76813	307.40234
	191	409.23682	307.50156
	192	409.15027	307.64508
	193	409.91083	306.85803
	194	410.24045	306.86176
	195	411.134	306.86234
	196	411.68454	306.4364
	197	411.89703	306.80817
	198	411.42487	306.9403
	199	411.61798	307.5412
	200	411.64032	307.7769
	201	412.09805	308.56903
	202	412.48502	309.41394
	203	411.9129	307.7048
	204	410.7373	307.94135
	205	411.19702	308.76746
	206	411.02222	309.3985
	207	411.21527	308.2131
	208	410.9281	308.6741
	209	411.79688	309.18723
	210	411.94525	310.88138
	211	411.7558	312.0335
	212	412.04333	310.99374
	213	411.5205	310.99603
	214	411.67664	311.03754
	215	411.54242	311.6676
	216	411.57593	312.02277
	217	410.67807	312.15567
	218	409.83856	311.95193
	219	409.09268	312.12585
	220	408.49133	311.32843
	221	407.70618	312.24094
	222	407.71417	312.79764
	223	407.6209	314.18173
	224	407.80267	315.02075
	225	407.42703	317.22498
	226	407.4085	319.15347
	227	406.90826	320.79025
	228	406.40845	321.7682
	229	405.774	323.12122
	230	405.3983	324.43652
	231	405.59204	325.80017
	232	405.44165	326.33444
	233	405.07126	327.28754
	234	404.72894	328.46515
	235	404.49753	329.22076
	236	404.13568	329.81448
	237	404.73453	328.36694
	238	404.82965	327.8117
	239	404.49506	327.04858
	240	403.84387	327.5695
	241	405.32916	327.58435
	242	406.21234	326.69815
	243	406.58087	325.31366
	244	406.91623	324.72336
	245	407.14606	324.72342
	246	407.3695	324.6619
	247	407.63287	324.4814
	248	407.4464	325.3229
	249	406.75446	325.5985
	250	406.23468	325.52945
	251	405.53333	325.51904
	252	404.9023	325.17883
	253	403.9829	325.7662
	254	403.3395	325.75732

Effects	Puppet #2	arap #3	Mesh	Mesh #1	Deform	Pin #4	Position
	Frame	X pixels	Y pixels
	0	454.46436	213.5405
	1	454.74506	213.53026
	2	455.1398	213.66414
	3	455.3814	214.40253
	4	455.5121	213.6923
	5	455.42963	213.8265
	6	455.31036	213.01277
	7	455.25702	212.77225
	8	455.02014	212.71129
	9	455.1091	211.85626
	10	454.89337	212.59045
	11	455.7127	211.538
	12	455.93506	213.09137
	13	455.97717	213.40219
	14	456.0055	213.71706
	15	456.0559	213.38441
	16	455.9408	213.82529
	17	456.1643	213.5542
	18	456.42114	212.95197
	19	456.6352	212.31775
	20	456.94196	212.51517
	21	457.41907	212.48553
	22	456.63898	213.04913
	23	457.003	214.55617
	24	457.25964	215.12949
	25	456.41614	215.5741
	26	456.20694	215.1272
	27	455.78528	215.34363
	28	456.0295	214.68028
	29	455.88153	214.45815
	30	455.91077	214.15115
	31	456.51587	213.6565
	32	456.26025	213.4804
	33	455.98566	212.97896
	34	455.9356	212.87106
	35	455.51324	212.86206
	36	455.3865	212.59439
	37	455.35352	212.85588
	38	454.69104	212.7384
	39	454.41016	212.24377
	40	454.78418	212.7832
	41	454.7843	211.44934
	42	454.6891	210.9931
	43	453.90286	210.425
	44	453.54477	210.33855
	45	453.2376	210.4657
	46	453.14526	209.61687
	47	451.63684	211.05869
	48	451.03564	212.9035
	49	451.1673	214.57565
	50	450.75513	215.51685
	51	449.7107	216.16081
	52	449.89905	216.38008
	53	450.58295	215.15118
	54	451.45322	215.30936
	55	452.3871	215.07074
	56	453.305	213.66904
	57	453.94098	213.1916
	58	454.60602	211.96317
	59	454.9635	211.62755
	60	455.04053	211.52115
	61	455.0191	212.01
	62	454.67188	211.97415
	63	454.67572	211.94124
	64	454.83868	212.01457
	65	454.4464	211.78166
	66	454.06274	212.49486
	67	454.3708	212.31177
	68	454.41992	212.90363
	69	453.56256	214.23254
	70	452.71234	215.1718
	71	452.09576	215.11899
	72	451.69305	214.8678
	73	450.9699	214.91942
	74	449.32336	215.64143
	75	449.24786	216.48457
	76	449.10965	216.48782
	77	449.26324	216.04437
	78	449.255	215.11795
	79	449.0849	215.33745
	80	449.78827	215.9325
	81	450.0979	215.20648
	82	450.2919	214.97522
	83	451.21402	215.38489
	84	451.6609	215.6319
	85	451.93292	217.08954
	86	452.0058	218.2373
	87	451.7368	220.4323
	88	451.6223	221.52167
	89	451.6502	223.83707
	90	452.03827	224.49538
	91	452.33148	224.69714
	92	452.72476	224.8057
	93	452.93707	225.5917
	94	452.73587	225.8814
	95	452.8095	226.4282
	96	451.45892	227.95453
	97	449.83142	229.29317
	98	448.24365	230.76035
	99	446.50998	231.38914
	100	445.58148	232.53969
	101	442.54745	233.49232
	102	440.6524	234.42407
	103	439.86295	236.02376
	104	439.73712	236.33066
	105	439.61584	236.499
	106	439.86182	237.08594
	107	439.628	236.37852
	108	439.16272	236.89369
	109	439.04584	236.19061
	110	439.25305	236.68669
	111	439.55814	235.6865
	112	439.56262	235.83025
	113	439.61658	235.5528
	114	439.71094	235.38878
	115	439.78763	234.81061
	116	440.1459	234.42583
	117	440.2031	234.75179
	118	441.46686	234.9386
	119	443.00055	234.56224
	120	443.84537	234.76675
	121	444.5951	234.34727
	122	445.65985	234.42262
	123	446.2706	234.42224
	124	447.17453	234.3919
	125	447.62982	234.41261
	126	449.0492	234.52724
	127	451.47632	232.61172
	128	453.19366	231.65399
	129	454.0332	231.23373
	130	456.27563	231.85472
	131	458.7821	231.40292
	132	461.7478	230.95143
	133	463.81805	230.16457
	134	465.31067	230.13354
	135	467.43057	231.419
	136	470.65692	231.46732
	137	473.2763	232.34598
	138	476.91785	232.6974
	139	481.17163	234.6661
	140	484.86374	236.64441
	141	488.1051	237.01573
	142	490.4207	237.59428
	143	491.98547	239.46606
	144	492.6723	240.77016
	145	492.59528	241.96332
	146	491.85004	243.16112
	147	489.29224	243.9691
	148	487.38037	245.51233
	149	485.17316	245.95988
	150	482.79462	245.913
	151	480.3142	246.05429
	152	479.03162	246.48569
	153	477.78253	246.01161
	154	476.88538	246.30373
	155	476.19443	246.77219
	156	475.3808	247.27612
	157	474.32068	247.06503
	158	473.2937	247.05234
	159	472.2887	247.80464
	160	471.71228	247.68027
	161	470.89874	247.64975
	162	469.78748	248.70032
	163	469.25848	249.11633
	164	468.44525	247.17368
	165	467.5334	247.54443
	166	466.09424	248.05722
	167	465.70703	247.08975
	168	466.7267	247.25209
	169	467.2918	248.45796
	170	469.03046	248.39378
	171	472.58557	246.9153
	172	474.58987	246.42668
	173	475.70493	244.76068
	174	476.55884	243.59554
	175	477.0088	244.52875
	176	480.03955	242.69142
	177	481.34473	241.84839
	178	481.96356	241.5921
	179	481.7316	241.09042
	180	480.85504	241.2202
	181	480.14215	242.35187
	182	478.6538	242.99538
	183	478.29315	243.68849
	184	478.42584	244.2233
	185	478.51935	245.04498
	186	478.29944	245.7259
	187	478.3811	245.51527
	188	478.80322	246.11307
	189	479.08932	247.10178
	190	478.8802	247.74153
	191	478.88635	247.81831
	192	478.72723	248.28375
	193	478.77795	246.55072
	194	479.16138	246.2164
	195	479.65976	245.51923
	196	480.11548	244.88934
	197	480.50867	245.06845
	198	479.97406	244.72203
	199	479.71887	244.37419
	200	479.51746	244.2114
	201	479.49738	244.41241
	202	479.1087	243.63889
	203	477.99066	241.45071
	204	476.46716	240.8273
	205	476.58374	241.52026
	206	475.9381	240.94832
	207	475.46893	239.11266
	208	475.14032	239.05582
	209	474.75378	237.94005
	210	474.2439	238.68558
	211	473.96698	239.2053
	212	474.09552	237.79095
	213	473.34924	236.86145
	214	473.1247	235.82277
	215	473.14282	235.78922
	216	473.41656	235.6067
	217	473.22852	235.25514
	218	473.2677	234.81538
	219	473.58624	234.86272
	220	473.76355	233.7298
	221	473.8963	234.16287
	222	474.68784	234.22797
	223	475.08295	235.20218
	224	475.64804	235.35248
	225	475.54706	236.76967
	226	475.95905	238.30624
	227	475.61102	239.55832
	228	475.4688	240.41928
	229	475.2157	241.45395
	230	474.8769	242.19481
	231	475.01263	242.96262
	232	474.9391	243.26944
	233	474.39288	243.90639
	234	473.9831	244.71758
	235	473.7187	245.24858
	236	473.5056	245.64136
	237	473.48755	243.8596
	238	473.34406	243.57451
	239	472.37756	242.77568
	240	471.43134	243.14151
	241	471.67688	242.76074
	242	471.9784	241.66646
	243	471.91644	240.2722
	244	472.0273	239.67278
	245	472.0263	239.45761
	246	471.8943	239.31813
	247	471.82404	238.85799
	248	471.72473	239.71556
	249	471.23572	239.96716
	250	471.06537	240.26917
	251	470.75912	240.5058
	252	470.33667	240.53072
	253	469.98502	241.09732
	254	469.56158	241.20807

Effects	Puppet #2	arap #3	Mesh	Mesh #1	Deform	Pin #5	Position
	Frame	X pixels	Y pixels
	0	536.6086	274.63837
	1	540.5133	269.32962
	2	546.119	259.85992
	3	550.8799	249.41545
	4	555.3013	239.6724
	5	559.4504	230.3886
	6	559.4977	223.91965
	7	561.04297	214.84378
	8	562.2124	205.47186
	9	562.5223	199.10461
	10	563.2897	197.13004
	11	563.8913	198.16699
	12	566.1439	199.13486
	13	567.6726	201.98329
	14	568.0196	212.12038
	15	566.48096	222.57191
	16	563.0819	233.60616
	17	558.20544	243.5816
	18	550.9369	256.15298
	19	542.555	266.05542
	20	537.4127	272.76923
	21	535.07886	275.9359
	22	535.9496	275.38
	23	537.7823	272.69232
	24	542.04663	268.51355
	25	544.92206	263.58038
	26	550.0864	254.28847
	27	554.34686	245.42166
	28	558.36066	237.73698
	29	561.0436	230.41177
	30	559.6854	227.44193
	31	559.4381	222.17377
	32	561.2517	216.40875
	33	563.3446	211.73764
	34	563.4755	212.64856
	35	563.45056	213.22926
	36	562.03156	213.25092
	37	560.2565	212.82658
	38	555.7925	209.72766
	39	550.801	207.17566
	40	544.8933	205.91837
	41	540.15076	205.36798
	42	535.31573	207.57445
	43	526.74084	217.07288
	44	520.6492	227.18793
	45	515.5321	238.39108
	46	512.0305	253.37144
	47	509.521	265.48846
	48	506.38034	276.50415
	49	504.12683	285.60828
	50	508.56396	294.88083
	51	513.5786	300.55765
	52	520.3936	302.04236
	53	526.9856	302.21832
	54	532.30566	300.90674
	55	530.6597	296.32852
	56	532.3347	292.33902
	57	535.36505	288.75983
	58	539.1345	284.92258
	59	540.86786	282.76657
	60	542.7328	281.36212
	61	542.70593	282.5338
	62	538.13226	286.72742
	63	535.07446	288.29193
	64	531.9195	291.0613
	65	527.0943	294.62048
	66	530.9737	288.95792
	67	531.1424	286.2834
	68	528.3917	285.55167
	69	523.1472	288.9092
	70	518.57996	291.3123
	71	516.4477	293.1657
	72	515.10583	294.33725
	73	514.23944	294.9145
	74	514.2587	295.07892
	75	514.7747	294.95016
	76	516.1491	294.56418
	77	517.45447	294.16495
	78	518.60754	294.15155
	79	519.7588	292.7404
	80	519.7247	292.5608
	81	518.57104	291.89563
	82	518.6563	290.91028
	83	518.67615	291.08536
	84	518.9672	291.86642
	85	519.80566	292.91452
	86	520.9101	293.86472
	87	523.0574	293.99194
	88	525.1089	293.58643
	89	527.1252	292.8229
	90	529.01013	291.71222
	91	530.2764	289.83478
	92	531.09174	288.46716
	93	531.4849	287.5804
	94	531.92285	286.94986
	95	532.03406	286.17432
	96	531.5787	285.26715
	97	531.54016	284.37433
	98	531.91565	283.67615
	99	531.9499	283.01776
	100	531.51843	282.9809
	101	531.482	282.6446
	102	531.7234	282.23856
	103	531.77246	281.86957
	104	532.2352	281.80865
	105	532.1023	281.45123
	106	532.03876	281.39114
	107	532.3294	280.8117
	108	532.2566	280.79218
	109	532.95215	280.95868
	110	532.8017	280.70947
	111	532.7301	280.4787
	112	532.58624	280.27924
	113	532.6421	279.99542
	114	532.7717	279.7256
	115	532.6979	278.9451
	116	532.5946	278.06274
	117	532.736	276.86206
	118	532.8136	275.8795
	119	533.2983	274.66245
	120	534.2778	272.71365
	121	535.0152	271.34595
	122	536.0333	269.93826
	123	537.4311	268.38385
	124	538.4701	266.88434
	125	539.0708	265.8027
	126	539.8218	265.43103
	127	540.6882	265.4929
	128	541.52783	265.69278
	129	542.11566	265.87228
	130	543.0342	265.93088
	131	545.5304	264.67343
	132	548.1569	263.72287
	133	549.79315	263.60544
	134	551.5492	263.04083
	135	554.03644	263.41757
	136	556.4518	263.86426
	137	558.05725	264.58716
	138	559.19244	265.477
	139	561.46423	268.32352
	140	563.6575	270.53445
	141	565.4872	273.24866
	142	566.93994	275.92746
	143	568.60974	278.05914
	144	569.01556	279.4759
	145	570.6592	280.25214
	146	570.3221	280.46
	147	572.3519	278.92514
	148	572.06165	277.18008
	149	573.0235	274.63486
	150	573.808	272.52545
	151	573.31995	268.89868
	152	572.75183	265.21036
	153	572.413	262.16968
	154	572.36914	258.87167
	155	571.72595	254.38234
	156	571.2128	250.33728
	157	570.8664	246.83661
	158	571.2214	243.42212
	159	572.42914	238.81519
	160	573.4504	234.13809
	161	574.4193	229.7474
	162	574.88806	227.05571
	163	575.4127	224.6734
	164	575.8889	223.78088
	165	576.1801	224.81625
	166	576.2645	225.62033
	167	576.057	227.27641
	168	575.6847	229.02306
	169	574.5955	230.18971
	170	573.197	231.91411
	171	571.33154	232.29501
	172	570.70667	231.15565
	173	570.4477	229.35506
	174	570.82733	228.2956
	175	571.3049	226.50261
	176	570.88104	224.85678
	177	571.12427	223.73862
	178	570.53265	221.75537
	179	570.8065	220.29858
	180	571.00507	219.10872
	181	570.3678	218.9471
	182	571.92084	218.79283
	183	573.7256	220.2351
	184	575.1397	222.04425
	185	575.6494	224.81592
	186	576.36163	227.13203
	187	577.3147	229.62112
	188	578.29126	232.18466
	189	578.0967	234.62909
	190	578.3404	236.80975
	191	579.6017	237.67395
	192	580.4595	237.76196
	193	581.8743	237.01868
	194	582.83057	234.73811
	195	583.6737	230.29521
	196	584.6501	226.17409
	197	584.9724	222.59929
	198	585.28375	218.6728
	199	584.8366	213.92715
	200	584.6751	210.4501
	201	582.4471	208.33087
	202	581.11	207.71506
	203	580.68384	207.63094
	204	580.7501	209.03897
	205	579.7506	212.12666
	206	578.84656	214.87276
	207	579.05835	217.09557
	208	578.7322	220.20604
	209	577.71704	225.50656
	210	577.13586	230.25409
	211	576.057	235.55801
	212	575.8258	240.32443
	213	572.8595	247.86363
	214	571.57916	253.7057
	215	570.878	259.25974
	216	570.259	263.87823
	217	569.5321	270.6802
	218	568.7777	276.35132
	219	568.4754	280.6629
	220	568.8381	284.92416
	221	568.3512	289.54034
	222	568.9977	293.7779
	223	569.9965	297.02896
	224	570.69446	300.21194
	225	570.0542	304.2997
	226	570.5746	308.03113
	227	571.516	311.19766
	228	571.73083	313.82123
	229	572.3995	316.26016
	230	571.97687	318.54016
	231	572.0009	320.34528
	232	571.8469	321.60742
	233	571.42896	322.98233
	234	571.3436	323.9965
	235	570.7919	324.4798
	236	571.80597	325.6535
	237	570.88074	326.2281
	238	569.65454	326.3404
	239	569.8346	327.4115
	240	568.7337	327.17572
	241	567.64685	327.15103
	242	567.0298	327.4261
	243	566.64844	327.5984
	244	565.8689	327.06088
	245	565.69446	327.1533
	246	565.52704	327.14038
	247	565.2166	327.00327
	248	564.6037	326.60376
	249	564.51624	326.84857
	250	564.27966	326.5644
	251	564.15826	326.9241
	252	564.18005	327.4932
	253	563.6145	327.22064
	254	563.16125	327.55673

Effects	Puppet #2	arap #3	Mesh	Mesh #1	Deform	Pin #6	Position
	Frame	X pixels	Y pixels
	0	511.71686	182.9394
	1	518.00134	177.23645
	2	533.11835	166.54831
	3	547.6566	155.21451
	4	563.4074	144.57098
	5	579.68005	134.42525
	6	597.86194	129.6951
	7	612.67456	120.83609
	8	625.7693	112.28593
	9	633.9552	106.60579
	10	637.8364	103.48422
	11	636.2262	102.62598
	12	633.90814	100.444626
	13	628.71704	100.40944
	14	613.8892	108.82364
	15	596.9218	118.95864
	16	582.1105	130.88104
	17	568.18225	142.04755
	18	547.0042	156.8638
	19	532.976	168.57635
	20	523.5292	177.23843
	21	517.17847	181.28885
	22	517.13446	180.5498
	23	520.39026	177.13962
	24	525.89136	173.17888
	25	533.2677	167.74362
	26	547.379	156.62982
	27	560.75116	145.97304
	28	573.5108	136.72305
	29	584.8513	128.15591
	30	597.2191	127.005325
	31	606.0124	121.68135
	32	612.6703	114.22268
	33	616.2831	106.83235
	34	609.88196	104.33678
	35	602.2309	101.941574
	36	594.37897	99.8271
	37	586.1184	97.90596
	38	570.1958	94.040726
	39	556.5315	91.38426
	40	542.9075	90.839264
	41	529.87115	92.47476
	42	517.2362	97.57735
	43	500.53186	113.923225
	44	487.39734	131.29897
	45	475.8803	152.00249
	46	468.4228	182.46835
	47	466.2412	211.4996
	48	468.82788	236.85246
	49	474.0725	258.61075
	50	487.61	283.20898
	51	504.73282	300.76505
	52	524.0039	310.8551
	53	545.091	316.5151
	54	565.542	317.7765
	55	588.27673	309.89532
	56	606.3177	301.36093
	57	621.9862	290.30423
	58	634.8721	271.32455
	59	640.45953	257.36877
	60	642.189	245.30505
	61	638.5841	236.9677
	62	626.64606	235.96133
	63	618.88684	236.41243
	64	610.75696	239.75046
	65	600.6323	245.65558
	66	593.7335	246.74417
	67	575.499	253.6342
	68	552.369	259.7348
	69	528.87665	265.20334
	70	494.71252	270.1352
	71	469.3717	272.4746
	72	451.75836	272.6366
	73	440.81586	272.01828
	74	435.40753	269.50604
	75	434.94736	266.9134
	76	437.89606	263.91858
	77	444.50504	260.56937
	78	454.3778	257.07672
	79	475.45068	249.05437
	80	492.89886	242.80984
	81	508.20935	237.73282
	82	522.75464	233.34946
	83	540.0216	230.14963
	84	553.3247	229.15588
	85	563.14087	228.80423
	86	569.96814	228.85512
	87	576.7416	227.94513
	88	580.546	226.84683
	89	582.41016	225.1386
	90	582.8744	222.52988
	91	580.15735	217.379
	92	578.7899	213.06038
	93	576.5708	209.00604
	94	574.48	205.1522
	95	572.7522	201.00052
	96	570.2299	197.01227
	97	568.64636	194.15312
	98	567.329	192.23941
	99	565.6486	190.63326
	100	564.5811	190.18861
	101	563.5404	189.50803
	102	562.60443	188.76917
	103	560.83606	187.74687
	104	559.8549	187.12926
	105	559.94073	186.69365
	106	560.66113	186.57953
	107	560.60187	185.69708
	108	561.4757	186.29083
	109	561.6705	186.561
	110	562.0346	186.95602
	111	561.25415	186.88348
	112	560.7933	186.80687
	113	560.537	186.66962
	114	560.2748	186.39929
	115	559.6687	185.41415
	116	559.37573	184.74858
	117	559.28986	182.47252
	118	558.77	180.64688
	119	557.3629	178.31903
	120	555.37115	175.35066
	121	553.26733	172.92357
	122	551.2952	170.62952
	123	549.00684	167.81502
	124	546.22534	165.32791
	125	544.6949	163.82047
	126	543.2183	162.95737
	127	542.11237	162.66202
	128	541.5125	162.59058
	129	541.1992	162.5489
	130	540.6595	162.52078
	131	539.2117	160.08392
	132	537.9838	158.22055
	133	537.9064	156.8585
	134	536.73865	155.3547
	135	536.06274	154.47812
	136	535.6317	153.98698
	137	535.33276	153.74954
	138	535.1228	153.67891
	139	535.5477	155.53139
	140	535.7968	157.37769
	141	537.251	159.7889
	142	539.7467	161.88733
	143	544.2036	163.11252
	144	548.60254	164.08075
	145	551.9614	164.98787
	146	554.4267	164.88881
	147	556.48376	164.0498
	148	557.687	162.30359
	149	559.1058	159.97745
	150	558.6992	157.90141
	151	557.35126	154.50006
	152	556.44714	151.00906
	153	553.4149	148.25946
	154	551.36774	145.37628
	155	548.0162	141.66757
	156	546.1681	137.93845
	157	547.20233	134.08234
	158	549.0108	130.2558
	159	555.303	124.79743
	160	560.244	119.37574
	161	565.5841	114.307304
	162	569.8291	111.54022
	163	570.152	109.350235
	164	567.7728	109.00859
	165	563.704	111.18277
	166	558.78467	113.15114
	167	547.5228	118.05024
	168	537.3085	123.622025
	169	528.97314	127.50894
	170	521.41583	132.16873
	171	516.55206	133.73392
	172	514.74194	133.21938
	173	514.4749	131.61536
	174	515.47626	130.31749
	175	521.0348	126.08979
	176	526.97864	121.64339
	177	532.3058	118.52921
	178	537.6914	114.74846
	179	546.70624	111.21631
	180	552.93835	108.32291
	181	557.9383	107.0997
	182	560.11304	106.86224
	183	561.1179	108.36243
	184	559.0535	111.3201
	185	554.7027	115.24111
	186	549.21924	119.69621
	187	538.5884	126.68112
	188	529.93	133.40213
	189	522.9023	139.57207
	190	516.9296	145.27083
	191	511.6958	151.48947
	192	509.69824	154.52509
	193	510.9864	154.49155
	194	514.5924	151.31229
	195	525.9559	141.8763
	196	536.9106	133.01483
	197	548.0031	125.19795
	198	560.1067	116.93111
	199	576.7461	107.28865
	200	590.8201	100.83971
	201	602.9264	98.75006
	202	611.05084	98.33992
	203	617.5873	98.407776
	204	620.79614	99.92114
	205	622.80273	104.878235
	206	624.1048	110.12245
	207	624.9856	113.48028
	208	626.27185	118.3455
	209	629.9309	129.39813
	210	634.0337	140.89285
	211	637.7783	154.11835
	212	644.3413	168.83884
	213	653.9743	201.2731
	214	661.3978	226.7285
	215	666.0237	247.48503
	216	668.0886	266.08234
	217	670.2256	287.55914
	218	671.15295	303.2042
	219	671.90436	316.96112
	220	672.54944	329.81808
	221	673.5632	341.85736
	222	675.7809	352.50427
	223	677.78076	361.33502
	224	680.2788	365.57312
	225	680.48315	373.28973
	226	682.09607	378.5971
	227	684.4341	383.93942
	228	686.6532	388.01788
	229	687.5067	393.42242
	230	686.6059	398.2099
	231	687.99536	400.11267
	232	688.786	401.4013
	233	690.0198	401.92764
	234	690.49304	403.2248
	235	689.36975	404.76117
	236	690.0836	406.7825
	237	690.60693	406.94867
	238	691.1445	406.42868
	239	691.41345	408.32092
	240	691.8277	406.45886
	241	691.5187	406.6635
	242	690.6067	408.1663
	243	690.4369	408.55328
	244	689.06384	408.16425
	245	690.1085	407.59998
	246	689.859	408.07074
	247	689.4978	407.39587
	248	688.5934	407.30734
	249	689.08594	407.5022
	250	688.3839	407.46594
	251	689.0261	407.27896
	252	689.61	406.9206
	253	688.7422	406.18518
	254	688.80505	405.36154

Effects	Puppet #2	arap #3	Mesh	Mesh #1	Deform	Pin #7	Position
	Frame	X pixels	Y pixels
	0	340.60724	214.96872
	1	340.79562	214.41866
	2	341.52643	214.82059
	3	341.72958	215.13281
	4	342.877	215.34521
	5	342.74713	215.01285
	6	343.11893	214.45782
	7	343.22217	213.51968
	8	343.1454	213.45036
	9	343.48392	212.93153
	10	343.3004	213.83054
	11	344.16782	213.9328
	12	344.0968	214.97508
	13	344.11176	215.25171
	14	344.22418	216.0484
	15	344.0711	215.74393
	16	343.51324	215.30754
	17	343.48544	215.4155
	18	343.4402	215.60817
	19	343.7188	215.50134
	20	343.73022	215.36165
	21	343.9938	215.29001
	22	343.41864	215.763
	23	343.6349	216.6698
	24	343.81348	217.1056
	25	343.48953	217.32161
	26	343.55893	216.48831
	27	343.29248	216.39357
	28	343.92145	215.77293
	29	343.96753	215.86145
	30	344.04187	214.87709
	31	344.87445	214.5938
	32	344.8379	214.55453
	33	345.05338	213.7995
	34	345.04974	213.70389
	35	344.6843	214.27722
	36	344.44034	213.84035
	37	344.12473	213.87303
	38	343.8427	214.45773
	39	343.95847	215.5338
	40	344.33932	216.37865
	41	344.69153	216.30447
	42	344.703	216.54013
	43	344.2895	216.4124
	44	344.16266	216.36874
	45	344.0876	216.98354
	46	344.03772	217.09784
	47	343.64914	218.09225
	48	342.7735	218.48285
	49	342.14203	218.89969
	50	340.87308	218.44191
	51	340.00916	217.77315
	52	339.7812	217.19995
	53	340.36932	217.04848
	54	340.18915	217.16267
	55	340.68863	217.48854
	56	341.10846	216.70755
	57	341.5103	216.76541
	58	342.05603	216.01067
	59	342.31226	215.9784
	60	342.2738	216.10368
	61	342.14725	216.51808
	62	341.7771	216.55789
	63	341.56494	216.5118
	64	341.696	216.60056
	65	341.39563	216.88818
	66	341.26654	217.46603
	67	341.76288	217.40677
	68	341.84424	217.64091
	69	341.07538	217.56096
	70	340.22354	216.72385
	71	339.70367	216.05658
	72	339.57016	215.88516
	73	339.16907	215.64978
	74	338.57507	215.37209
	75	338.47296	216.02638
	76	338.39728	216.3621
	77	338.79153	216.26251
	78	339.20447	216.73859
	79	340.1071	217.69667
	80	339.91888	217.15923
	81	340.6021	217.40381
	82	341.1278	217.09729
	83	342.5979	217.34
	84	343.89246	217.57639
	85	344.54565	218.61725
	86	346.32074	220.48093
	87	347.94757	223.10263
	88	348.7538	223.9018
	89	349.03314	226.42143
	90	349.43317	226.66911
	91	350.28467	227.89604
	92	351.2418	229.18047
	93	351.23273	229.69359
	94	350.78772	229.5799
	95	350.21222	227.26598
	96	348.59534	221.83195
	97	347.5307	215.95125
	98	346.6245	212.5152
	99	345.48547	210.29498
	100	345.10962	209.50623
	101	343.2065	206.45448
	102	341.7901	206.09404
	103	341.70782	205.51796
	104	342.06616	204.6535
	105	342.41772	203.77472
	106	342.96942	203.44547
	107	342.92316	202.09064
	108	342.50595	201.81241
	109	342.4746	200.99709
	110	342.8497	200.64827
	111	342.9901	199.85995
	112	343.1024	199.46686
	113	343.17712	198.85683
	114	343.3002	198.37209
	115	343.27325	197.92006
	116	343.49023	197.40482
	117	343.601	197.35947
	118	344.19305	199.7211
	119	344.6214	202.5055
	120	344.50458	205.54984
	121	344.7092	206.54898
	122	345.244	208.35962
	123	345.1703	210.41362
	124	345.6824	211.53035
	125	345.9359	212.58334
	126	346.87335	215.4458
	127	349.39478	221.50237
	128	351.4728	225.02016
	129	352.79797	226.46533
	130	353.86673	226.65898
	131	355.68646	225.9258
	132	358.42892	226.4965
	133	360.3862	226.27011
	134	361.88614	225.80562
	135	363.2692	225.10527
	136	366.0165	225.29462
	137	368.11566	225.11726
	138	371.228	225.0009
	139	374.35675	224.68192
	140	377.6681	226.0373
	141	380.55548	226.13785
	142	382.74988	226.17467
	143	384.6631	225.82587
	144	385.99237	226.1091
	145	386.58414	227.01694
	146	386.04907	226.95001
	147	384.52164	225.69777
	148	383.0078	225.74506
	149	381.45633	224.37788
	150	379.9194	222.74944
	151	378.02728	221.58627
	152	376.83505	221.22714
	153	376.0048	220.87262
	154	375.32996	220.76413
	155	375.07666	221.33197
	156	374.73883	220.47002
	157	373.99127	219.51218
	158	373.32104	218.6817
	159	372.8844	219.38441
	160	372.66644	219.24806
	161	372.2778	218.83878
	162	371.94543	220.2031
	163	371.69672	220.1496
	164	371.40167	219.66997
	165	370.46606	219.0825
	166	369.11627	218.56471
	167	368.62598	218.37486
	168	369.05255	219.7829
	169	369.33423	221.91406
	170	369.76202	223.38988
	171	372.14178	226.91295
	172	373.1809	229.23125
	173	373.36285	229.60872
	174	374.50916	230.61967
	175	374.65634	231.86916
	176	376.98627	233.71524
	177	377.50787	234.06151
	178	378.0614	234.46042
	179	378.54883	235.41772
	180	378.55902	235.89992
	181	378.6347	235.9134
	182	378.5579	235.81305
	183	378.88776	235.83334
	184	377.79507	233.29573
	185	376.8822	231.73996
	186	375.73193	230.62755
	187	375.6222	229.94734
	188	375.67902	230.24043
	189	375.53513	229.763
	190	375.19342	229.01263
	191	375.00595	229.12114
	192	374.5421	229.04451
	193	374.67596	229.05165
	194	375.02255	229.19922
	195	375.36066	229.27902
	196	375.77057	228.89372
	197	376.2307	229.46251
	198	375.71375	230.24629
	199	375.60574	231.37465
	200	375.3921	231.81181
	201	375.36963	232.67418
	202	376.4652	234.55603
	203	375.0016	233.31023
	204	374.2881	233.5813
	205	372.742	233.3772
	206	371.8959	233.89417
	207	370.8983	232.7669
	208	369.50702	232.1883
	209	368.73553	232.6854
	210	368.0258	234.02663
	211	367.20667	234.7328
	212	365.797	232.3822
	213	364.6715	232.18686
	214	364.03534	231.98573
	215	363.53918	232.16164
	216	363.24142	231.98676
	217	361.51685	230.82806
	218	360.53036	229.54527
	219	359.7386	228.51263
	220	358.9374	226.79483
	221	357.5053	226.49088
	222	356.87262	226.05386
	223	356.09372	226.75702
	224	355.52567	226.98819
	225	354.0236	228.65285
	226	353.33276	230.08249
	227	352.1798	231.45496
	228	351.27274	232.12689
	229	350.35767	233.02368
	230	349.0874	234.23836
	231	348.4035	235.62054
	232	347.8389	236.10486
	233	346.77017	237.27531
	234	346.02954	238.4064
	235	345.44025	239.19159
	236	344.7486	239.74272
	237	344.1958	239.18758
	238	343.69186	239.37741
	239	342.84332	239.25107
	240	342.1507	239.78403
	241	342.53467	240.93799
	242	342.75772	240.4437
	243	342.8277	239.39638
	244	342.93024	239.0245
	245	343.20795	238.91658
	246	343.60297	238.79146
	247	343.88885	238.61559
	248	343.8369	239.43542
	249	343.34814	239.54274
	250	343.17938	239.27536
	251	343.04095	238.79617
	252	342.61267	238.40094
	253	342.16058	238.4529
	254	341.8012	238.1713

Effects	Puppet #2	arap #3	Mesh	Mesh #1	Deform	Pin #8	Position
	Frame	X pixels	Y pixels
	0	280.22256	283.89984
	1	280.27145	277.146
	2	276.47437	266.41168
	3	272.2065	255.85753
	4	267.34296	245.54135
	5	263.9004	235.68626
	6	261.45383	221.3139
	7	260.7726	208.80888
	8	259.4802	199.60397
	9	258.35385	193.89682
	10	256.9945	191.36322
	11	256.48447	191.06018
	12	255.85297	194.25685
	13	255.97614	198.5581
	14	256.43195	207.15529
	15	258.02393	215.81334
	16	260.77338	225.91109
	17	262.95706	235.2791
	18	267.85074	246.82918
	19	273.9512	257.48825
	20	279.03976	265.97382
	21	282.57593	270.93637
	22	284.43207	273.21964
	23	282.38446	271.0477
	24	279.7626	266.9671
	25	277.03592	263.32364
	26	272.63873	254.22092
	27	268.80267	244.96854
	28	265.52325	235.95573
	29	263.2208	227.5566
	30	262.1054	217.26479
	31	260.59183	210.05743
	32	260.07675	205.97824
	33	258.9467	202.41205
	34	258.83575	202.37598
	35	258.7373	202.53694
	36	258.81458	202.65686
	37	260.58435	201.90282
	38	263.9173	200.12158
	39	267.5745	199.19052
	40	270.94373	199.10643
	41	275.2339	200.14955
	42	278.7877	203.12558
	43	283.9693	211.51616
	44	286.93265	221.20439
	45	288.5839	231.24239
	46	289.42682	246.527
	47	290.35684	257.24722
	48	292.19946	264.71915
	49	292.5397	271.55487
	50	285.65622	278.7843
	51	281.38168	283.44983
	52	279.424	285.03708
	53	280.16357	284.70258
	54	279.06912	283.57608
	55	279.89258	278.97906
	56	279.69696	274.41586
	57	279.41977	270.87225
	58	274.93948	266.37457
	59	271.62695	263.62375
	60	269.2082	261.8518
	61	268.9323	260.95782
	62	268.51312	261.04782
	63	268.9889	261.79327
	64	268.955	262.3039
	65	269.99048	264.24026
	66	272.23178	266.61273
	67	274.97662	270.0124
	68	279.8467	272.66174
	69	284.81375	274.9328
	70	289.32394	275.81583
	71	292.96722	276.31403
	72	296.12805	275.7767
	73	298.267	275.9435
	74	298.87378	275.2921
	75	296.35382	272.13232
	76	293.78687	270.199
	77	289.62158	265.95322
	78	285.2287	260.21332
	79	280.0388	255.54774
	80	276.34607	251.23091
	81	273.5459	247.2186
	82	271.60486	242.28175
	83	268.6469	236.41562
	84	268.48145	232.26016
	85	267.9561	228.87361
	86	268.4268	225.92328
	87	269.1607	223.37929
	88	270.13498	222.67937
	89	271.2537	221.94887
	90	273.2269	222.22112
	91	275.32544	223.91995
	92	276.66443	224.92644
	93	277.96536	226.68237
	94	279.13907	228.87529
	95	280.30066	231.24695
	96	281.9959	233.92542
	97	283.90317	235.14526
	98	285.01437	236.37865
	99	285.94183	237.99535
	100	286.20184	239.19302
	101	286.00674	239.77138
	102	286.90912	239.92256
	103	286.32544	239.13733
	104	286.1485	237.78055
	105	287.17905	241.0306
	106	286.55423	241.71606
	107	286.3049	241.87376
	108	286.099	242.18112
	109	285.71536	242.55167
	110	285.8338	242.63652
	111	284.89484	242.51796
	112	285.13165	242.68587
	113	284.4812	243.73843
	114	284.1534	243.71207
	115	284.9222	244.0248
	116	286.07672	244.20126
	117	287.516	244.92725
	118	289.005	245.64459
	119	289.71448	246.01355
	120	290.30002	246.75977
	121	291.14575	247.53175
	122	293.10754	248.45728
	123	294.67444	250.24008
	124	297.03485	250.93626
	125	298.81262	252.31375
	126	299.3053	253.43939
	127	300.04245	254.54106
	128	297.69406	255.72072
	129	296.52515	255.97629
	130	295.17538	254.59863
	131	295.40594	252.13525
	132	296.3514	250.15385
	133	296.93832	249.03308
	134	297.56952	248.79419
	135	299.37518	247.45001
	136	301.66272	246.78148
	137	304.09973	244.57898
	138	305.08524	242.4624
	139	309.50772	241.24976
	140	313.45535	240.20511
	141	316.60995	238.76768
	142	319.18646	237.05844
	143	320.96527	233.4855
	144	323.62454	230.59695
	145	324.34424	227.89417
	146	323.76605	225.61993
	147	325.35617	222.6526
	148	326.03552	219.78632
	149	326.18298	217.77922
	150	326.0545	216.25555
	151	326.71204	215.05495
	152	326.06918	214.11539
	153	326.57684	212.21269
	154	325.27185	211.21747
	155	324.3695	211.51671
	156	322.5489	212.43599
	157	321.64322	213.48068
	158	320.85968	214.20663
	159	319.91483	214.95665
	160	318.56882	215.6794
	161	318.20145	216.33315
	162	318.34045	216.84515
	163	318.16766	219.75699
	164	319.84763	221.01956
	165	320.119	220.55385
	166	319.9536	222.91232
	167	320.38773	224.70624
	168	320.62445	226.02097
	169	321.03204	226.27242
	170	323.2331	226.88884
	171	324.4425	226.85449
	172	325.8189	226.1215
	173	324.85254	224.16277
	174	324.67926	222.47626
	175	323.37955	221.46402
	176	322.91418	219.88315
	177	322.51672	218.56921
	178	322.8684	217.64516
	179	323.0291	215.12263
	180	322.46393	213.15985
	181	321.75806	212.12473
	182	320.93372	211.85286
	183	320.80884	213.13759
	184	320.75232	214.97012
	185	320.4596	217.42418
	186	321.29114	220.91211
	187	323.3759	225.80598
	188	322.15198	228.69942
	189	324.02448	220.366
	190	326.8369	216.52193
	191	329.0714	217.72409
	192	329.97708	219.20702
	193	328.193	225.19664
	194	327.43	228.148
	195	325.91214	226.75522
	196	324.6498	224.39124
	197	322.78186	220.90564
	198	321.3577	216.51994
	199	321.70367	209.7478
	200	320.9397	205.45447
	201	319.90683	202.40312
	202	319.28714	200.52773
	203	316.42883	199.03418
	204	314.5019	198.41455
	205	311.00278	198.9176
	206	309.0637	199.4245
	207	307.77283	198.2982
	208	306.7679	199.39586
	209	303.15295	199.63419
	210	299.9828	199.42035
	211	298.76804	200.4639
	212	296.61905	204.40903
	213	290.0973	211.74301
	214	286.8197	219.61278
	215	287.1447	231.63535
	216	290.63278	248.9447
	217	288.27954	247.21173
	218	284.75934	256.598
	219	280.16818	256.81372
	220	273.29282	259.93628
	221	263.786	265.294
	222	259.67728	267.8224
	223	256.27185	270.83124
	224	253.97678	273.8535
	225	252.83536	275.9641
	226	249.93178	279.2657
	227	247.64072	281.03488
	228	256.37747	285.94843
	229	249.04483	284.34003
	230	245.53546	288.2908
	231	243.4419	289.77972
	232	253.7601	292.9329
	233	247.82394	289.90414
	234	244.69595	288.9649
	235	243.36005	289.98672
	236	242.76598	290.7057
	237	242.41733	296.80414
	238	244.14066	306.46936
	239	248.16608	316.09998
	240	253.19167	324.9149
	241	258.429	333.09198
	242	262.0451	339.15295
	243	263.79013	343.7826
	244	264.7321	346.2798
	245	264.75778	346.87756
	246	265.1488	347.7166
	247	265.47607	348.48196
	248	263.9504	348.49255
	249	262.94028	348.2094
	250	261.1289	346.3236
	251	260.41495	345.81137
	252	260.10266	345.7427
	253	259.0728	344.01904
	254	257.8903	342.1311

Effects	Puppet #2	arap #3	Mesh	Mesh #1	Deform	Pin #9	Position
	Frame	X pixels	Y pixels
	0	308.89185	192.09253
	1	307.50507	185.45238
	2	299.31076	174.94965
	3	290.2502	164.58162
	4	280.24377	155.36923
	5	269.19678	146.83786
	6	250.92487	134.25598
	7	235.21124	125.35825
	8	221.40923	119.89982
	9	211.00435	116.10605
	10	205.54993	113.10852
	11	205.47746	111.12837
	12	209.46368	111.21814
	13	216.98615	112.72792
	14	233.75806	117.32266
	15	250.30713	123.81791
	16	265.65265	132.79134
	17	278.98962	142.06554
	18	296.62085	154.75415
	19	308.8394	165.6557
	20	316.6115	174.45241
	21	322.10065	179.67148
	22	322.93585	181.87415
	23	320.80878	179.8632
	24	317.186	175.71631
	25	311.41852	171.69753
	26	299.95587	162.66174
	27	287.88254	154.52795
	28	276.3862	146.15857
	29	263.8997	138.53845
	30	245.10803	130.85178
	31	229.96289	125.99437
	32	217.99416	124.41886
	33	209.01852	122.61888
	34	205.8302	122.7037
	35	206.33298	120.97625
	36	208.45459	119.06282
	37	212.67758	115.88121
	38	224.75848	109.901505
	39	236.4585	106.03638
	40	250.25513	103.47171
	41	262.83423	104.06099
	42	274.54532	107.13382
	43	290.6772	121.21502
	44	303.31235	138.07419
	45	312.76685	157.50589
	46	319.54474	187.07448
	47	320.11258	211.61073
	48	315.9793	230.52242
	49	308.6145	245.53885
	50	290.7049	261.4417
	51	273.16083	272.28552
	52	254.38956	279.8156
	53	236.10983	284.8513
	54	220.16815	284.31903
	55	207.27295	277.93277
	56	198.18991	269.57855
	57	192.70657	261.2534
	58	185.83931	246.89716
	59	182.20917	235.65143
	60	180.50647	227.54129
	61	180.90863	222.94862
	62	182.11504	218.54793
	63	183.10611	218.01286
	64	183.4097	218.33759
	65	185.01997	220.05806
	66	188.07986	222.49612
	67	193.6038	224.1668
	68	201.81503	226.45157
	69	212.35352	229.29996
	70	230.57913	232.28621
	71	247.81528	235.21524
	72	261.5979	238.21089
	73	272.3698	239.82791
	74	278.18063	239.15637
	75	279.5702	237.00107
	76	278.37427	232.88673
	77	274.10464	227.57011
	78	267.72296	220.26009
	79	254.76447	207.9449
	80	243.40956	196.69885
	81	233.0858	187.48917
	82	224.20947	179.91316
	83	215.76022	171.09732
	84	212.46918	165.4108
	85	211.17145	160.39996
	86	211.37943	156.98845
	87	215.18784	152.14966
	88	219.36415	149.44397
	89	222.68848	147.87317
	90	226.81932	147.11272
	91	232.26935	147.18
	92	237.23071	146.53362
	93	240.8765	147.41046
	94	244.52505	149.06091
	95	247.87213	150.73555
	96	251.07896	152.85234
	97	253.94168	153.42877
	98	256.99384	153.72656
	99	259.03204	154.849
	100	260.05978	155.6571
	101	260.58942	156.08676
	102	261.3502	156.46771
	103	263.62274	156.60065
	104	265.66248	156.95465
	105	266.31683	158.81467
	106	267.65466	158.31644
	107	268.5833	157.63286
	108	269.51608	157.27588
	109	270.07	157.09177
	110	269.8793	156.93117
	111	270.39868	156.03674
	112	270.0641	156.29991
	113	268.67453	158.56125
	114	267.18738	160.29541
	115	264.20386	163.67996
	116	262.49884	165.60251
	117	261.63586	166.5314
	118	261.23938	166.92337
	119	262.1792	165.33813
	120	262.90887	165.38055
	121	262.74374	166.52814
	122	263.9864	168.1393
	123	264.25546	171.97758
	124	265.67267	174.47076
	125	266.51093	175.77914
	126	266.92654	176.5674
	127	268.4978	176.30797
	128	268.89505	176.25621
	129	269.45563	176.73174
	130	271.59888	177.40915
	131	274.11893	180.77097
	132	275.13873	182.98206
	133	276.35635	183.47398
	134	277.01837	182.11864
	135	277.20953	178.98105
	136	278.6471	176.99051
	137	281.2967	174.59564
	138	283.7215	171.66408
	139	289.76562	167.03741
	140	295.55664	162.6894
	141	301.35443	158.68729
	142	305.23297	155.62604
	143	311.08575	150.7243
	144	315.10587	147.97375
	145	318.82498	145.543
	146	321.6021	144.02267
	147	323.85287	140.46436
	148	324.33386	137.69449
	149	324.9075	134.96057
	150	326.1009	132.29364
	151	327.23508	129.6813
	152	328.7747	127.76659
	153	330.5293	125.62464
	154	329.65997	124.49511
	155	327.0725	124.986946
	156	325.4924	125.6539
	157	322.95834	126.69373
	158	320.3155	127.40511
	159	311.10205	130.96205
	160	302.69965	135.09756
	161	295.09146	139.64354
	162	289.78293	141.79688
	163	289.29404	143.01503
	164	290.22705	143.65504
	165	294.50565	143.93127
	166	300.0382	144.1766
	167	309.51855	144.4678
	168	317.33276	145.53043
	169	325.20813	146.44829
	170	330.01804	148.15674
	171	335.62106	149.07083
	172	340.30646	149.73193
	173	344.6789	149.63477
	174	346.99356	147.66406
	175	344.62335	145.29802
	176	342.63177	142.0994
	177	338.76544	139.11655
	178	331.99673	136.82513
	179	321.18756	133.09436
	180	311.47055	131.00275
	181	303.24585	130.38779
	182	297.58224	130.72217
	183	295.7075	132.67868
	184	298.38043	134.17883
	185	303.96017	136.60782
	186	310.84018	139.88945
	187	323.80234	148.13408
	188	335.18622	154.98068
	189	351.6734	150.1757
	190	363.75638	150.98846
	191	370.73642	154.93872
	192	372.58765	157.50064
	193	367.22134	164.78467
	194	358.82623	166.37077
	195	346.35767	162.2589
	196	334.9076	156.47466
	197	324.26877	149.87378
	198	313.48022	143.74532
	199	298.4542	136.98105
	200	286.95856	133.29068
	201	278.35855	131.32132
	202	272.07532	130.85672
	203	265.52246	130.70215
	204	261.23184	131.03844
	205	257.50995	132.23419
	206	254.51016	134.4317
	207	252.64127	136.3293
	208	252.15128	139.67123
	209	251.48169	147.74852
	210	252.07724	156.78867
	211	253.77222	167.35538
	212	257.7846	178.79172
	213	266.44907	196.05199
	214	275.37613	210.96785
	215	284.72418	225.63336
	216	294.29297	242.39505
	217	308.77545	266.8344
	218	321.48627	288.07144
	219	324.70822	300.45624
	220	327.5802	306.15842
	221	325.3022	308.49915
	222	322.22968	312.08844
	223	321.21332	314.3537
	224	320.6292	315.5279
	225	320.03735	316.75903
	226	317.7621	316.6979
	227	315.7962	316.23212
	228	318.175	314.0099
	229	311.10028	313.40726
	230	308.78833	309.35602
	231	305.63034	306.66907
	232	309.0014	300.60742
	233	306.2214	304.57373
	234	303.90787	306.0236
	235	304.12668	307.4671
	236	305.85107	310.0818
	237	306.5342	307.5032
	238	305.41647	302.7447
	239	305.36832	298.34848
	240	305.2361	294.8288
	241	304.27625	291.62967
	242	302.8499	290.1486
	243	300.4607	288.93997
	244	298.9837	288.36197
	245	297.63126	287.5705
	246	296.29333	286.1972
	247	295.1192	285.04828
	248	294.39438	285.15305
	249	294.2325	285.44867
	250	294.51044	285.64725
	251	294.6332	286.26505
	252	294.17838	285.98376
	253	294.79587	286.51947
	254	295.8473	288.71964

Effects	Puppet #2	arap #3	Mesh	Mesh #1	Deform	Pin #10	Position
	Frame	X pixels	Y pixels
	0	434.19928	379.91956
	1	434.30627	379.63644
	2	434.4968	379.7886
	3	434.75262	380.3838
	4	434.66537	379.68478
	5	434.1859	379.45673
	6	433.82672	378.3867
	7	433.10422	377.4015
	8	432.64703	377.26727
	9	433.13507	376.139
	10	433.49347	376.7574
	11	435.7638	376.0395
	12	436.00763	377.5146
	13	436.03418	377.8285
	14	435.99133	378.76315
	15	436.27368	378.5402
	16	436.38242	378.44263
	17	437.0799	378.63242
	18	438.69403	378.42627
	19	439.1479	378.01483
	20	439.68933	378.13702
	21	440.71124	378.1239
	22	438.943	378.9038
	23	438.97964	380.271
	24	439.27246	380.8327
	25	437.02148	381.1632
	26	435.91504	380.40955
	27	434.9916	380.4369
	28	434.985	379.36584
	29	435.22595	378.9907
	30	434.95123	378.06735
	31	435.4256	377.45654
	32	434.95874	377.21722
	33	433.70685	376.23306
	34	433.66702	376.03967
	35	434.0759	376.15793
	36	434.5794	375.52542
	37	435.15805	375.67493
	38	434.31958	375.92242
	39	435.60797	375.72247
	40	436.41016	376.35278
	41	437.6846	375.12097
	42	438.636	374.62866
	43	438.14255	373.80658
	44	437.5039	373.58514
	45	437.57086	373.74738
	46	438.56836	373.2542
	47	434.0053	375.39117
	48	431.65988	377.0047
	49	431.29852	378.47827
	50	429.76196	379.63538
	51	426.27875	380.3191
	52	425.61612	380.59473
	53	427.7854	379.852
	54	430.19092	380.23636
	55	431.92337	380.74155
	56	434.56964	379.3817
	57	435.68207	379.58508
	58	436.93762	378.58472
	59	437.71326	378.45984
	60	438.42648	378.33105
	61	438.54614	378.79633
	62	438.26044	378.88287
	63	438.81555	378.73334
	64	439.08902	378.77557
	65	439.21008	378.8045
	66	437.8886	379.80115
	67	438.15686	379.51666
	68	437.81854	379.8516
	69	434.59247	381.00378
	70	431.1236	381.4639
	71	429.4375	381.22354
	72	428.47943	381.2423
	73	427.0686	381.0033
	74	422.857	381.27304
	75	422.60254	382.03772
	76	422.85437	382.13672
	77	423.15112	381.6777
	78	424.4994	381.25052
	79	424.5132	381.30463
	80	425.18604	381.03992
	81	426.703	380.11603
	82	426.8095	379.043
	83	427.5323	378.32886
	84	427.53473	377.47406
	85	427.40414	378.02124
	86	426.4502	378.89166
	87	425.18347	379.66888
	88	424.2437	379.02362
	89	425.17645	380.3629
	90	425.55615	379.7949
	91	427.17596	378.5563
	92	428.9389	377.6048
	93	430.09326	377.06747
	94	430.5921	375.70618
	95	430.36194	373.45538
	96	427.80316	369.9397
	97	423.72876	366.2365
	98	419.2888	363.25824
	99	414.6548	360.7426
	100	410.7235	359.3924
	101	399.9115	356.90802
	102	394.09378	356.69608
	103	390.73328	356.87692
	104	389.97235	355.11435
	105	389.68262	354.06055
	106	390.2849	353.70618
	107	390.30896	352.1731
	108	389.82678	352.32846
	109	390.49075	351.21588
	110	390.66724	351.87204
	111	391.34204	351.1852
	112	391.69257	350.803
	113	391.89914	350.04633
	114	392.17792	349.43286
	115	392.86057	348.2008
	116	394.44455	348.085
	117	395.1566	348.99716
	118	399.73407	352.43567
	119	404.33038	354.42737
	120	405.8676	358.20203
	121	407.3799	358.97742
	122	410.4932	360.78796
	123	410.75818	363.44275
	124	412.4132	364.61066
	125	411.6266	366.08212
	126	413.67783	367.9392
	127	419.07123	372.0987
	128	421.57227	374.34882
	129	421.11957	376.11896
	130	424.3145	378.071
	131	426.52014	378.90225
	132	429.9347	379.9489
	133	431.25247	380.386
	134	430.90637	381.1979
	135	430.88995	383.3731
	136	434.25296	384.64917
	137	435.70633	386.06268
	138	438.6883	386.79626
	139	441.58484	389.07037
	140	444.29602	391.53094
	141	446.91876	392.41345
	142	448.09436	393.12112
	143	445.9998	393.9775
	144	444.30728	394.6806
	145	442.89746	395.58124
	146	440.17938	395.9015
	147	434.17297	394.99872
	148	430.13763	395.5728
	149	425.26822	394.43512
	150	420.37122	392.54263
	151	415.78864	390.85425
	152	413.4995	390.17365
	153	411.66977	388.94855
	154	410.30826	388.77573
	155	409.17383	388.25635
	156	406.71982	387.21185
	157	405.1012	386.2912
	158	403.3042	385.66296
	159	401.5126	385.79593
	160	400.19904	384.65396
	161	398.2736	384.023
	162	395.711	384.40692
	163	394.4239	384.26007
	164	394.34998	382.05057
	165	392.54428	381.62045
	166	389.6963	381.70798
	167	390.61523	381.1676
	168	394.23917	382.71313
	169	396.71423	385.44067
	170	402.35718	387.31238
	171	413.70917	389.12357
	172	420.30777	390.5182
	173	425.48035	390.49908
	174	428.14752	390.2345
	175	429.3377	391.95584
	176	429.9331	392.81696
	177	439.1499	391.8374
	178	442.7846	391.6446
	179	443.5334	391.11005
	180	441.6638	391.42084
	181	438.1452	392.00812
	182	433.5692	392.03162
	183	430.9878	391.89136
	184	429.25775	391.2225
	185	428.20554	390.9836
	186	428.15472	391.2621
	187	428.00256	390.57343
	188	428.55212	391.6425
	189	428.50977	392.73877
	190	427.45917	393.1178
	191	428.59573	393.20422
	192	428.86102	393.60852
	193	430.40552	392.31073
	194	430.7497	392.29034
	195	432.2269	392.2311
	196	432.92206	391.75623
	197	432.93942	392.1222
	198	432.669	392.12628
	199	433.32074	392.53595
	200	433.64078	392.71094
	201	434.62567	393.43353
	202	434.68597	393.77148
	203	435.07388	391.78754
	204	433.53937	391.9447
	205	435.72156	393.3545
	206	436.2613	394.1496
	207	437.61978	392.8532
	208	438.14847	393.8546
	209	440.63928	394.19208
	210	441.5373	395.8561
	211	441.87268	397.33978
	212	443.19714	396.49966
	213	443.2113	396.5793
	214	444.03638	396.5721
	215	444.16693	397.55597
	216	444.3852	398.23975
	217	443.70654	398.75513
	218	442.6428	399.05692
	219	441.52863	399.77264
	220	440.79626	399.34842
	221	440.08313	400.607
	222	440.2365	401.4366
	223	440.37683	402.8015
	224	441.00757	403.9503
	225	441.2821	406.11115
	226	441.53937	407.9877
	227	441.4333	409.54373
	228	441.04642	410.35034
	229	440.8526	410.75446
	230	440.8395	412.42365
	231	441.45917	413.75458
	232	441.48117	414.27386
	233	441.51465	414.79657
	234	441.4466	416.03778
	235	441.42545	416.66238
	236	441.41483	416.9751
	237	441.1397	417.18774
	238	442.51672	414.39093
	239	442.82306	412.01083
	240	442.45203	412.29672
	241	445.03833	411.10486
	242	446.32452	410.51212
	243	447.2125	408.4699
	244	447.8528	407.4626
	245	448.30746	407.80225
	246	448.72534	408.16873
	247	449.21848	408.33978
	248	448.8769	409.17828
	249	447.9618	409.60193
	250	447.06976	409.55676
	251	445.96716	410.0912
	252	445.41467	410.35895
	253	443.85776	411.10522
	254	442.92902	411.2159

Effects	Puppet #2	arap #3	Mesh	Mesh #1	Deform	Pin #11	Position
	Frame	X pixels	Y pixels
	0	359.23007	450.7577
	1	373.4692	449.0371
	2	374.32275	448.33646
	3	380.72018	445.85065
	4	371.39673	443.47763
	5	373.52277	442.18936
	6	369.9097	439.06207
	7	371.56827	436.73572
	8	370.29614	433.19897
	9	370.64948	430.71375
	10	372.6312	431.47742
	11	374.1773	430.06213
	12	378.353	433.57672
	13	378.4058	434.91562
	14	373.50647	436.44525
	15	375.1728	436.45966
	16	384.9563	439.55157
	17	385.18408	439.78418
	18	388.61	441.68414
	19	385.7423	442.9878
	20	391.29788	443.50586
	21	396.44516	443.43622
	22	388.5912	443.54333
	23	391.70874	445.15063
	24	393.39673	445.7853
	25	383.49103	444.81915
	26	380.23523	441.24722
	27	378.75482	438.58255
	28	377.05063	435.40674
	29	376.90088	434.49255
	30	380.42847	431.9994
	31	378.64993	430.7295
	32	375.90268	429.89587
	33	371.38565	427.23184
	34	371.41925	425.89325
	35	371.7416	425.68353
	36	376.97577	425.27432
	37	382.81543	427.68954
	38	375.08835	428.23282
	39	372.8139	426.16827
	40	373.46094	425.5846
	41	372.32642	422.90253
	42	373.63898	421.4593
	43	371.58838	419.1315
	44	369.35	417.7884
	45	367.81427	417.00153
	46	367.64603	415.91208
	47	368.11395	436.50616
	48	375.6333	448.80182
	49	386.00867	457.02228
	50	390.9723	463.2689
	51	382.95752	468.3396
	52	384.40363	470.38452
	53	386.92014	471.12592
	54	379.3662	461.5162
	55	371.1409	457.51117
	56	374.89822	455.10205
	57	372.0096	453.874
	58	371.9085	452.8949
	59	372.12573	452.75983
	60	374.54694	453.09772
	61	375.94864	453.8805
	62	375.29626	453.5229
	63	379.63538	454.0985
	64	380.46283	454.41132
	65	379.06732	453.3368
	66	372.5796	453.7943
	67	371.19806	454.3883
	68	371.37466	455.15768
	69	365.33832	455.30725
	70	361.01172	454.90417
	71	358.13165	453.77753
	72	352.9748	452.92932
	73	349.8733	451.33783
	74	360.2521	453.53873
	75	372.21405	455.92212
	76	378.19128	456.32907
	77	380.29752	454.40723
	78	379.98615	452.63593
	79	375.02515	450.80695
	80	386.73825	450.388
	81	387.67102	448.42493
	82	389.16858	444.1547
	83	390.87408	440.10583
	84	389.15677	435.65277
	85	390.16974	433.7786
	86	378.35587	431.6574
	87	369.91156	427.05847
	88	368.43317	421.47504
	89	372.37213	420.3637
	90	376.7206	416.14844
	91	364.48898	437.72778
	92	359.29144	446.59723
	93	361.83517	449.27716
	94	365.3216	445.8421
	95	374.8319	437.0526
	96	391.7788	420.0641
	97	399.39926	465.5427
	98	398.58655	484.0758
	99	415.6585	511.8714
	100	419.64868	524.36804
	101	402.65796	527.3423
	102	393.37036	529.9834
	103	387.84064	531.55457
	104	387.13556	529.116
	105	387.2677	527.6615
	106	389.06427	527.22327
	107	389.92264	525.3061
	108	389.90192	526.0317
	109	392.01154	524.53467
	110	392.5509	526.1063
	111	393.89557	525.63556
	112	395.127	525.23596
	113	312.1079	474.76324
	114	279.30774	454.8199
	115	265.09756	445.8439
	116	261.85034	440.48987
	117	259.90796	438.23602
	118	266.0384	441.5519
	119	329.17413	368.22064
	120	367.15033	329.69504
	121	336.46878	384.79688
	122	322.87228	419.78775
	123	326.58148	443.95352
	124	331.494	456.3618
	125	329.1324	465.0836
	126	343.71082	463.6831
	127	356.70465	452.29108
	128	358.83734	446.99258
	129	353.76575	447.27228
	130	365.406	449.73734
	131	369.67633	452.89877
	132	370.91153	457.04037
	133	367.64255	459.10974
	134	362.6209	461.9323
	135	363.08844	469.3889
	136	365.5979	474.42615
	137	367.24292	478.604
	138	370.52853	479.2357
	139	379.43298	485.96066
	140	380.89893	489.77576
	141	382.20587	492.06546
	142	381.42816	493.0303
	143	375.64133	492.43555
	144	368.5294	492.14264
	145	362.26202	491.8986
	146	358.89175	489.64993
	147	348.8579	486.48126
	148	343.68045	485.77206
	149	337.65015	482.13284
	150	331.56674	476.51526
	151	327.2851	469.2152
	152	326.69818	464.09937
	153	358.79553	453.00568
	154	375.92102	449.24725
	155	383.69678	442.5519
	156	387.3166	438.47864
	157	388.97107	437.85626
	158	388.22296	438.59213
	159	383.97125	437.18555
	160	382.37695	431.33487
	161	378.2713	429.67175
	162	369.84644	426.3294
	163	367.9477	425.65747
	164	364.8512	419.8836
	165	365.3479	418.15796
	166	362.2682	418.42065
	167	363.8989	418.33627
	168	370.02734	422.367
	169	371.99292	429.94678
	170	385.0103	434.1441
	171	380.59552	437.80847
	172	381.30646	438.7484
	173	386.62158	440.52063
	174	382.5267	440.13556
	175	382.8557	444.00198
	176	336.54587	404.87845
	177	317.69983	386.9099
	178	305.72913	379.03027
	179	295.39655	373.44348
	180	286.6833	371.89728
	181	279.7843	369.64
	182	272.15076	367.31357
	183	268.35175	364.10782
	184	270.48468	360.25836
	185	273.00513	356.23825
	186	277.03226	355.1382
	187	277.76978	352.9389
	188	278.77032	355.12482
	189	281.58594	357.24396
	190	282.69772	357.68036
	191	285.60324	357.94424
	192	324.05988	399.3609
	193	342.81702	421.5456
	194	351.1105	433.56366
	195	357.4986	441.4404
	196	360.5921	444.52512
	197	359.08716	445.74146
	198	355.952	444.36707
	199	353.49268	445.74475
	200	353.07266	446.38452
	201	354.11646	449.17163
	202	343.49982	450.47162
	203	345.48953	448.34415
	204	338.66718	451.22705
	205	351.28693	456.89197
	206	349.81418	461.45782
	207	354.40277	462.3369
	208	359.86078	468.54828
	209	363.6902	475.32874
	210	365.09293	482.73416
	211	366.23926	487.2967
	212	365.16364	471.3675
	213	355.55984	464.17676
	214	360.28226	459.51068
	215	361.773	458.256
	216	364.17383	456.64703
	217	367.2904	455.68347
	218	366.1878	455.86404
	219	365.47937	458.8316
	220	363.55902	461.51727
	221	365.1181	469.03546
	222	367.00974	475.39795
	223	364.53122	467.89078
	224	363.4224	465.3668
	225	360.05902	463.28662
	226	358.6273	464.94196
	227	356.4068	467.89606
	228	358.9973	462.7307
	229	343.7451	443.87485
	230	337.88602	438.35266
	231	337.39407	437.88568
	232	336.07898	437.73218
	233	336.0614	440.29422
	234	336.27588	441.9676
	235	336.5335	443.8327
	236	334.98322	423.24963
	237	342.79504	400.26276
	238	351.06433	384.27524
	239	354.06146	375.22223
	240	354.78015	369.9535
	241	356.926	369.5585
	242	359.5058	366.86618
	243	360.4053	364.52112
	244	361.0575	363.81277
	245	360.71927	362.01282
	246	359.23334	360.0484
	247	358.95236	358.12982
	248	360.1012	358.59314
	249	360.55243	358.19708
	250	359.68622	358.32364
	251	357.84357	357.03198
	252	364.80606	354.03845
	253	369.5434	351.36157
	254	370.10635	349.86588

Effects	Puppet #2	arap #3	Mesh	Mesh #1	Deform	Pin #12	Position
	Frame	X pixels	Y pixels
	0	218.28159	583.93933
	1	254.50839	584.7433
	2	256.10153	583.0094
	3	272.3615	577.1404
	4	247.46432	568.43677
	5	253.80157	565.99475
	6	244.73785	557.8856
	7	250.62283	553.35364
	8	247.34662	543.4905
	9	247.6138	538.17267
	10	252.44907	539.53064
	11	252.67947	536.63806
	12	263.83243	544.93396
	13	264.10034	548.14764
	14	250.6972	549.81506
	15	254.57	550.78284
	16	281.91873	561.9897
	17	280.93567	562.6261
	18	287.71448	569.1187
	19	279.2414	572.55634
	20	293.73795	575.29315
	21	306.36884	576.33923
	22	287.15695	573.7604
	23	295.82495	576.75195
	24	300.03598	577.96893
	25	276.29114	572.29626
	26	268.979	562.80945
	27	266.10135	555.05994
	28	261.5634	547.11957
	29	260.86728	544.9096
	30	271.14386	540.09985
	31	265.58807	536.81616
	32	258.92627	534.24023
	33	249.08408	527.3138
	34	249.08829	523.8668
	35	249.15605	523.07965
	36	262.72665	523.9445
	37	278.13043	531.71857
	38	258.41708	531.2717
	39	249.85733	524.94586
	40	249.9775	522.15936
	41	244.79749	516.13544
	42	246.6521	512.9539
	43	242.06451	507.34012
	44	237.16403	503.5216
	45	232.91446	500.64914
	46	230.52792	498.38498
	47	238.83263	556.416
	48	263.58984	592.38367
	49	293.72644	617.0629
	50	310.92755	635.85144
	51	294.8017	647.45557
	52	300.18237	653.8773
	53	303.51416	657.4158
	54	277.492	624.43555
	55	251.69177	608.378
	56	257.6191	603.9238
	57	247.47699	599.1706
	58	245.27328	597.60364
	59	244.51773	597.319
	60	249.89977	598.98883
	61	253.44269	600.82336
	62	251.91408	599.7846
	63	262.79187	602.8972
	64	264.65024	603.82526
	65	260.2401	600.5941
	66	244.82068	598.5411
	67	241.27779	599.6619
	68	242.5783	601.1328
	69	231.56049	598.8389
	70	225.57666	596.7688
	71	220.59302	593.72363
	72	208.55997	590.04224
	73	202.77026	585.3668
	74	236.46469	596.4282
	75	269.7738	606.12976
	76	286.0795	609.3411
	77	291.31296	605.42847
	78	287.4879	600.9742
	79	273.28528	593.69305
	80	306.3499	595.3842
	81	306.3098	590.81323
	82	310.6109	580.0448
	83	314.55725	568.7164
	84	309.83548	555.8989
	85	313.27017	548.9332
	86	281.25952	538.1848
	87	260.5555	520.81934
	88	258.73038	504.91876
	89	268.3617	499.1546
	90	280.0571	488.1054
	91	245.81491	549.74634
	92	230.26111	574.41406
	93	234.71207	583.75964
	94	241.9285	578.43317
	95	266.2508	561.40796
	96	317.26193	523.7473
	97	350.45178	665.33215
	98	357.1002	726.1887
	99	417.52396	792.76385
	100	435.70807	821.21466
	101	407.5219	829.181
	102	392.10486	833.12146
	103	382.80136	835.86743
	104	382.1484	835.00824
	105	383.01053	833.6935
	106	386.89923	834.9773
	107	389.2339	833.9623
	108	390.0368	837.78955
	109	394.7486	836.47064
	110	395.93857	839.4626
	111	398.4824	838.998
	112	401.33392	840.4796
	113	217.08221	623.2923
	114	164.3233	562.18097
	115	143.45728	538.80774
	116	142.3785	523.74976
	117	141.23523	516.53796
	118	150.769	518.386
	119	201.20673	479.07086
	120	236.08194	458.2367
	121	186.99927	516.9161
	122	159.22575	564.17365
	123	168.19115	609.38477
	124	178.10616	636.0427
	125	175.57053	651.9667
	126	208.09125	650.21826
	127	235.19946	609.0927
	128	237.73557	587.57654
	129	226.3052	582.12494
	130	251.50368	588.3871
	131	259.50168	596.3522
	132	257.8169	604.7721
	133	247.20767	608.1693
	134	235.21906	612.5658
	135	237.33835	628.9228
	136	239.41913	639.42505
	137	241.88748	648.046
	138	245.18799	649.225
	139	264.04858	665.8368
	140	263.72882	671.3512
	141	263.3887	675.0332
	142	259.77856	675.3401
	143	248.4776	670.3856
	144	234.1666	664.954
	145	221.55458	659.9707
	146	216.06836	654.3673
	147	200.8504	645.18823
	148	193.55615	642.394
	149	185.41263	634.5086
	150	177.0303	622.6433
	151	170.96164	607.62384
	152	170.41841	597.1976
	153	255.84969	577.7246
	154	306.1873	571.8772
	155	330.85068	555.1752
	156	346.55298	546.1832
	157	354.979	546.52264
	158	356.4941	549.94775
	159	347.20688	544.8915
	160	344.91122	529.46747
	161	336.32935	525.3906
	162	315.94122	513.70166
	163	312.82312	511.8487
	164	303.8815	498.0791
	165	308.76752	494.1719
	166	304.9926	495.0843
	167	308.20322	495.82196
	168	319.5337	505.06503
	169	320.74417	522.21063
	170	348.67255	532.24585
	171	313.4011	536.6002
	172	302.70197	535.95337
	173	308.17242	541.50555
	174	291.8971	539.2683
	175	290.63663	547.2603
	176	294.12448	553.71484
	177	295.82898	557.0499
	178	294.22668	557.21216
	179	290.19827	555.0531
	180	284.89185	552.5813
	181	277.62598	548.7858
	182	269.85278	543.55396
	183	264.53152	539.9778
	184	261.17963	538.6754
	185	258.4933	538.3538
	186	258.9029	540.4227
	187	258.2058	539.3732
	188	259.221	541.59204
	189	260.14883	543.8592
	190	259.20215	544.13696
	191	261.78586	545.7931
	192	256.26892	547.02356
	193	245.00781	546.8898
	194	235.2237	547.2422
	195	233.53879	552.3547
	196	232.40628	553.34344
	197	224.3852	551.21643
	198	214.14096	544.7317
	199	206.22633	545.77734
	200	204.16986	546.51776
	201	205.56958	552.4833
	202	181.98929	551.1184
	203	185.41162	549.51587
	204	173.08804	554.7456
	205	198.72263	571.72656
	206	194.75195	582.20483
	207	203.8204	588.0762
	208	216.32065	605.5026
	209	223.62042	623.0232
	210	227.33652	639.2937
	211	229.56671	649.8529
	212	224.14508	606.66547
	213	201.39603	583.0692
	214	210.85167	571.8031
	215	213.29398	567.64124
	216	218.03638	563.0593
	217	225.91513	561.00494
	218	223.99097	561.5182
	219	223.13539	569.37427
	220	218.9086	577.9476
	221	223.232	598.55005
	222	227.31021	616.4988
	223	220.20871	591.7457
	224	215.42065	582.52515
	225	205.92355	571.78735
	226	201.50027	572.8761
	227	195.77817	578.1329
	228	202.3758	562.7184
	229	279.29318	608.9552
	230	309.9296	628.14856
	231	326.3829	638.92334
	232	332.8971	643.43066
	233	337.75977	647.04156
	234	340.279	650.80383
	235	341.98788	653.01746
	236	337.7251	635.28296
	237	344.1438	614.1644
	238	351.72366	598.3956
	239	354.9948	589.36584
	240	355.29742	585.67883
	241	360.04318	583.8065
	242	361.05713	579.2108
	243	361.24222	575.30005
	244	361.70016	573.64075
	245	360.86215	572.66455
	246	358.80783	571.11707
	247	358.4583	570.1455
	248	359.50656	571.20264
	249	359.606	571.6737
	250	357.86255	571.21826
	251	354.5036	570.3666
	252	363.17987	567.15344
	253	367.86954	566.6666
	254	368.16748	565.6753

Effects	Puppet #2	arap #3	Mesh	Mesh #1	Deform	Pin #13	Position
	Frame	X pixels	Y pixels
	0	357.29822	376.23373
	1	357.1604	376.01215
	2	357.57404	375.9165
	3	357.40808	376.5782
	4	358.07187	375.49728
	5	357.4753	375.1728
	6	357.37732	373.95993
	7	356.72644	372.7544
	8	356.06342	372.55994
	9	356.6172	371.6375
	10	356.9298	372.51062
	11	359.06158	372.44135
	12	359.21323	373.91986
	13	359.31848	374.20575
	14	359.39557	374.99756
	15	359.51947	374.91455
	16	359.54526	375.12216
	17	360.00146	375.49774
	18	361.48593	375.93036
	19	362.1867	375.52838
	20	362.4933	375.87955
	21	363.2824	376.19354
	22	361.67273	376.40106
	23	361.5786	377.65485
	24	361.78674	378.24603
	25	359.9564	377.78088
	26	358.88995	376.61517
	27	357.84583	376.42322
	28	358.00464	375.23358
	29	358.326	375.0308
	30	357.96423	374.02176
	31	358.60876	373.3319
	32	358.2964	372.9903
	33	357.41284	371.5753
	34	357.29617	371.40472
	35	357.62943	371.9055
	36	358.00415	371.58777
	37	358.50397	372.04468
	38	358.03317	372.15015
	39	359.30695	372.67133
	40	359.93115	373.48438
	41	361.25385	372.87558
	42	362.10696	372.88528
	43	361.7511	372.26105
	44	361.21594	371.95203
	45	361.31912	372.3193
	46	362.1785	372.3755
	47	358.6739	373.128
	48	356.36258	373.86572
	49	355.59076	375.01944
	50	353.67975	375.61746
	51	350.914	375.01544
	52	350.09143	374.9112
	53	352.21237	374.79156
	54	353.96988	375.95056
	55	355.52087	376.725
	56	357.89368	376.24847
	57	358.78992	376.6126
	58	360.03186	375.85925
	59	360.73395	375.9102
	60	361.3673	376.1029
	61	361.41425	376.65222
	62	361.04968	376.77606
	63	361.46063	376.9654
	64	361.72937	377.06168
	65	361.73904	377.3032
	66	360.61865	377.75186
	67	361.16632	377.36307
	68	360.93777	377.51685
	69	357.8799	377.57153
	70	354.5678	376.8919
	71	352.98465	376.1888
	72	352.23242	375.87698
	73	351.02332	375.336
	74	347.77533	374.2955
	75	347.48203	374.9735
	76	347.6916	375.25726
	77	347.9997	374.9153
	78	349.42548	375.09973
	79	350.10168	375.1787
	80	350.02478	375.07428
	81	351.6794	374.71045
	82	351.7928	373.7387
	83	352.6939	373.0256
	84	353.12366	372.077
	85	353.09167	372.47894
	86	353.33163	372.99908
	87	353.2077	373.6078
	88	352.6875	372.83823
	89	353.47345	374.60318
	90	353.5584	374.11566
	91	355.00848	373.79428
	92	356.72095	373.7533
	93	357.24554	373.5523
	94	356.9591	372.44647
	95	356.8145	371.88818
	96	352.07568	363.72348
	97	346.96222	355.1978
	98	342.0338	348.61914
	99	337.35226	343.8142
	100	333.59128	340.7451
	101	323.71973	334.8122
	102	318.45816	333.35016
	103	315.61923	331.88354
	104	314.96954	329.18787
	105	314.8855	327.4159
	106	315.49957	326.4449
	107	315.494	324.4793
	108	314.8638	324.06976
	109	315.47067	322.94104
	110	315.7177	323.07367
	111	316.2763	322.58325
	112	316.5415	321.82144
	113	316.64017	320.8012
	114	316.82132	319.93533
	115	317.2674	318.7445
	116	318.58487	318.63675
	117	319.2902	319.4199
	118	323.57867	324.8622
	119	327.46436	329.26544
	120	328.83478	335.16238
	121	330.05597	336.94476
	122	330.66513	337.83383
	123	332.06235	343.0064
	124	334.11594	345.56534
	125	333.94305	347.87244
	126	336.12677	351.51355
	127	343.4095	360.3576
	128	347.17242	364.8678
	129	348.00717	367.1373
	130	350.39566	369.155
	131	352.44305	369.7718
	132	356.08707	371.1663
	133	357.66696	371.50623
	134	357.81674	371.59094
	135	357.91052	372.4419
	136	361.3012	373.60178
	137	362.73135	374.279
	138	365.31796	374.6236
	139	367.69025	375.85974
	140	370.34283	377.70807
	141	372.966	378.2185
	142	374.26727	378.36865
	143	372.8024	377.5619
	144	372.02936	377.2117
	145	371.39282	377.54382
	146	368.71585	377.05957
	147	363.86566	374.72833
	148	360.20245	374.375
	149	355.89075	372.14716
	150	351.583	369.2891
	151	347.0031	366.81226
	152	344.24707	365.68652
	153	342.5454	364.42715
	154	341.32693	364.04468
	155	340.25122	363.48297
	156	338.0224	361.62982
	157	336.67566	360.3807
	158	335.29727	359.35196
	159	334.02673	359.3097
	160	332.7608	358.01968
	161	331.27008	357.0456
	162	329.4366	357.2692
	163	328.39758	356.80148
	164	328.67923	355.39606
	165	326.67352	354.4217
	166	323.93683	353.8349
	167	324.71176	353.8822
	168	327.76453	356.37665
	169	330.22617	359.76794
	170	334.4375	362.95428
	171	344.47223	368.16254
	172	349.8493	371.51453
	173	353.99744	373.11774
	174	356.9461	373.99048
	175	357.96545	375.92096
	176	366.26926	378.09546
	177	369.9698	379.07886
	178	371.32416	379.63617
	179	371.4997	379.76785
	180	370.12012	379.85535
	181	367.34454	379.33774
	182	364.21716	378.3388
	183	362.24756	377.51434
	184	359.39203	375.43097
	185	357.18274	374.14008
	186	356.04395	373.82025
	187	355.59543	372.93616
	188	355.9156	373.89453
	189	355.567	374.37595
	190	354.45468	374.07648
	191	355.21686	374.42108
	192	354.93008	374.67352
	193	356.61096	374.39178
	194	357.02673	374.5327
	195	358.48798	374.9864
	196	359.2056	374.66232
	197	359.3438	375.0528
	198	358.95746	375.5141
	199	359.80005	376.64038
	200	360.1042	377.1438
	201	361.16425	378.30652
	202	362.82455	379.54147
	203	362.72253	378.35034
	204	362.26895	378.68207
	205	362.8958	380.33484
	206	363.52017	381.65698
	207	364.4026	381.099
	208	364.3103	382.16107
	209	366.83453	383.60486
	210	368.00623	385.6577
	211	368.0677	387.30402
	212	368.53186	386.97922
	213	368.6416	387.28876
	214	369.7083	387.55554
	215	369.73343	388.47223
	216	369.84076	389.01794
	217	368.6131	389.4651
	218	367.27542	389.2818
	219	365.86914	389.39853
	220	364.96948	388.53732
	221	363.76337	389.62018
	222	363.45605	390.34528
	223	363.30945	391.75165
	224	363.44904	392.9991
	225	363.25378	395.51447
	226	363.2111	397.45917
	227	362.9339	399.05472
	228	362.46558	399.76086
	229	361.586	401.40833
	230	361.40338	402.99515
	231	361.76215	404.76038
	232	361.6901	405.3318
	233	361.66864	406.27594
	234	361.38727	407.80505
	235	361.26007	408.66577
	236	360.84796	409.34174
	237	362.40936	407.4489
	238	363.1123	405.966
	239	363.49918	404.8636
	240	363.0254	405.62305
	241	365.7815	405.49463
	242	367.44275	404.36258
	243	368.3322	402.70807
	244	368.96875	401.93488
	245	369.32236	402.24982
	246	369.7876	402.34918
	247	370.2162	402.57916
	248	369.81815	403.59995
	249	368.80817	404.1254
	250	368.0207	403.71326
	251	366.92508	403.65112
	252	366.1998	402.8705
	253	364.5679	403.8933
	254	363.7243	403.84717

Effects	Puppet #2	arap #3	Mesh	Mesh #1	Deform	Pin #14	Position
	Frame	X pixels	Y pixels
	0	209.83203	467.2929
	1	209.05109	467.5765
	2	209.59653	466.13617
	3	208.18384	467.0744
	4	209.77649	463.1468
	5	208.65556	462.6662
	6	208.607	460.08148
	7	207.72064	458.22974
	8	207.23065	459.48615
	9	208.64337	459.5146
	10	209.4787	461.6029
	11	212.22867	462.75073
	12	210.20844	460.24164
	13	209.48856	458.14758
	14	209.23746	457.1249
	15	208.90582	456.97968
	16	209.1944	459.10446
	17	209.29979	459.83374
	18	211.47873	462.0199
	19	213.1004	461.31186
	20	213.10667	462.88715
	21	213.71198	464.42853
	22	211.70447	462.75775
	23	209.37848	459.32904
	24	208.54529	457.72607
	25	206.70633	453.30023
	26	204.88034	450.0312
	27	204.95607	454.74585
	28	206.34299	456.46564
	29	207.57216	458.293
	30	207.07916	458.17242
	31	208.16017	457.23608
	32	208.01695	456.46997
	33	207.21744	453.3604
	34	206.80417	453.09882
	35	207.50603	455.03552
	36	208.24512	456.20746
	37	209.42905	458.52914
	38	209.17868	457.74518
	39	210.62784	458.75372
	40	210.93376	459.7356
	41	212.61966	459.4766
	42	212.59348	457.285
	43	211.84328	454.9218
	44	211.60086	455.229
	45	211.59914	455.46863
	46	212.45749	456.3094
	47	208.82211	453.11246
	48	205.87675	452.7068
	49	204.52017	454.56207
	50	203.1503	458.35803
	51	201.63303	456.74408
	52	200.63318	457.19644
	53	202.71497	458.12308
	54	203.18924	458.33942
	55	204.31317	458.76215
	56	207.28879	460.24594
	57	207.73236	460.6087
	58	209.35782	460.217
	59	210.1437	460.6188
	60	211.08331	461.71533
	61	211.13242	462.71167
	62	209.34308	459.56897
	63	209.25768	459.35992
	64	209.34105	458.83618
	65	208.95221	458.7685
	66	207.57184	457.386
	67	208.8522	456.49612
	68	208.7468	456.334
	69	204.71378	453.9793
	70	200.36594	450.99878
	71	198.36	449.13953
	72	197.63422	447.6463
	73	196.31595	446.01904
	74	197.86649	455.82263
	75	200.42621	463.8896
	76	202.13934	468.1601
	77	202.8645	469.20352
	78	202.30359	465.26782
	79	202.38156	461.71063
	80	201.49872	461.95605
	81	203.14856	460.14047
	82	202.6477	457.4477
	83	204.5596	457.1057
	84	206.028	456.40356
	85	206.28024	456.79364
	86	207.0795	455.8526
	87	207.25378	453.70337
	88	206.80048	450.69574
	89	208.09105	452.58832
	90	208.07349	451.13464
	91	209.52222	449.8478
	92	211.37064	449.23926
	93	211.90076	448.322
	94	210.87967	450.7297
	95	212.68668	456.42487
	96	203.22546	450.1023
	97	192.30646	437.81137
	98	211.56387	448.6934
	99	219.66562	454.99478
	100	223.7746	458.64053
	101	226.997	462.4202
	102	227.00925	465.23328
	103	227.34302	466.3686
	104	229.0164	465.00165
	105	229.68172	464.17877
	106	230.26102	463.12704
	107	231.58115	461.9356
	108	231.83972	461.58496
	109	232.762	460.86432
	110	233.38118	461.79272
	111	233.37793	461.8072
	112	234.71075	460.6978
	113	235.58046	460.36816
	114	237.3323	459.7171
	115	238.69174	459.55817
	116	241.63527	456.71225
	117	241.51382	456.03137
	118	249.12485	460.13354
	119	232.99081	458.3372
	120	222.39577	459.14258
	121	218.24512	458.20325
	122	214.36826	454.15298
	123	216.98141	458.5987
	124	214.46188	459.5407
	125	212.04413	462.34247
	126	209.80426	463.36548
	127	208.75137	460.82443
	128	208.7522	459.22018
	129	208.30559	457.40796
	130	208.81534	459.55118
	131	210.34863	460.01666
	132	215.11768	462.03067
	133	216.91278	461.94217
	134	217.20123	460.64124
	135	217.2514	460.77863
	136	221.70712	462.57565
	137	223.09827	462.81143
	138	224.80588	462.80377
	139	226.46681	464.40524
	140	228.92242	465.53906
	141	231.75317	465.60843
	142	232.88103	464.64648
	143	230.31741	460.11035
	144	229.86772	456.80316
	145	283.40625	447.63885
	146	315.8551	439.58176
	147	326.7426	433.98032
	148	332.44415	431.60464
	149	332.64093	427.23413
	150	330.25507	421.19342
	151	343.2536	428.2254
	152	351.69296	430.08167
	153	353.07156	429.0788
	154	354.04596	430.31683
	155	353.59882	426.7579
	156	352.84244	423.8321
	157	352.41394	423.58878
	158	350.88318	424.19843
	159	346.83527	423.00793
	160	344.99252	417.78662
	161	341.29822	416.07236
	162	334.03998	413.10767
	163	332.30685	412.3194
	164	329.9385	407.4759
	165	329.8477	405.64117
	166	326.7431	405.49115
	167	328.2812	405.69366
	168	333.87976	409.96576
	169	336.11035	417.2533
	170	347.38165	421.99847
	171	361.9964	427.38086
	172	371.82642	429.37222
	173	381.3075	431.46973
	174	380.25436	431.43518
	175	381.753	435.15857
	176	396.95538	434.3066
	177	381.6455	438.00458
	178	369.28284	440.71655
	179	356.08026	439.15112
	180	364.61658	436.7735
	181	364.39938	435.2663
	182	356.50885	433.39328
	183	352.5687	430.3703
	184	359.73944	429.13583
	185	366.59152	427.08148
	186	375.08142	427.67468
	187	376.85712	425.7064
	188	378.81534	428.54065
	189	383.47052	432.385
	190	385.35834	434.27023
	191	389.97827	434.37537
	192	394.01218	433.84088
	193	393.09717	432.55487
	194	391.35773	432.6148
	195	392.5114	434.1936
	196	392.98395	434.15942
	197	390.21487	433.89032
	198	386.53375	431.62762
	199	383.56967	432.41034
	200	382.93695	432.73407
	201	383.7072	435.24094
	202	372.28043	436.53888
	203	374.30298	434.02097
	204	366.937	437.01855
	205	360.2234	441.3455
	206	348.7478	445.43005
	207	348.25195	446.07996
	208	351.11038	452.18338
	209	353.3927	459.27545
	210	343.9084	450.53143
	211	336.98578	447.7677
	212	346.58337	450.99243
	213	341.81146	453.50977
	214	339.0877	458.6181
	215	336.72308	462.19833
	216	335.38123	465.799
	217	338.76282	473.19214
	218	337.7343	477.37598
	219	332.69852	463.51233
	220	328.56778	457.71225
	221	328.736	461.21082
	222	329.7942	465.6409
	223	331.10538	472.05377
	224	331.7535	476.63593
	225	333.2647	485.51462
	226	334.26978	492.71375
	227	333.31616	498.45493
	228	332.43472	503.20667
	229	332.12164	506.84268
	230	334.34232	512.6538
	231	338.62976	518.19965
	232	339.48553	521.0216
	233	341.10065	525.1798
	234	342.25296	527.995
	235	343.12863	530.4673
	236	344.71838	533.43243
	237	347.5863	535.1832
	238	348.59528	537.2386
	239	348.27814	536.9117
	240	346.8371	536.6931
	241	350.073	537.7261
	242	349.1314	537.08264
	243	348.2758	535.23785
	244	348.20062	534.7511
	245	346.96857	533.47833
	246	344.4422	531.38525
	247	343.8539	529.72754
	248	345.18237	530.6278
	249	345.58652	530.77014
	250	343.96805	530.52765
	251	340.65588	529.1458
	252	339.09546	528.9178
	253	338.91364	529.12585
	254	336.57263	528.45544

Effects	Puppet #2	arap #3	Mesh	Mesh #1	Deform	Pin #15	Position
	Frame	X pixels	Y pixels
	0	43.620422	569.9272
	1	39.72278	572.2589
	2	42.38623	568.0817
	3	36.855774	570.97534
	4	44.41034	560.8859
	5	41.516846	560.9296
	6	42.864624	556.02795
	7	40.61664	554.0869
	8	40.85785	556.6566
	9	43.78409	557.41943
	10	44.79248	561.1089
	11	48.634583	563.36914
	12	44.0791	556.484
	13	43.325226	551.2402
	14	45.153595	546.8688
	15	43.85544	546.9109
	16	41.0589	553.0209
	17	40.857178	554.098
	18	43.566956	558.3849
	19	48.29831	556.1381
	20	45.805695	560.3287
	21	44.34198	564.34375
	22	44.201477	559.21155
	23	41.428345	549.4551
	24	40.542297	544.8623
	25	42.569977	534.1841
	26	40.69043	528.3002
	27	39.224976	539.64685
	28	39.485535	545.8368
	29	40.357056	550.64685
	30	37.017487	553.0181
	31	39.32666	551.3933
	32	40.115356	549.7386
	33	40.644135	544.0637
	34	39.52707	543.9047
	35	39.526	548.0536
	36	38.20755	552.2854
	37	38.10376	557.92194
	38	38.557373	555.8567
	39	39.94757	557.57446
	40	38.863495	559.34314
	41	41.50348	559.17664
	42	43.645752	552.6553
	43	44.584473	547.15
	44	44.276367	548.3632
	45	44.451233	548.2969
	46	45.460327	549.92834
	47	46.842987	539.56995
	48	42.874146	538.10547
	49	38.527466	541.96155
	50	36.68878	549.85583
	51	39.70114	545.3989
	52	38.07422	546.6944
	53	36.403748	550.8268
	54	35.42099	550.0106
	55	36.010834	550.074
	56	37.440247	554.9763
	57	37.837067	555.0796
	58	40.30838	554.86255
	59	41.24771	555.62463
	60	41.795074	558.1539
	61	41.199677	560.0244
	62	40.357666	551.7917
	63	39.441772	551.2891
	64	39.825043	549.80176
	65	39.604553	549.06396
	66	40.169403	544.48975
	67	43.56833	542.36743
	68	43.572784	541.8749
	69	39.165314	536.5641
	70	33.57718	531.1547
	71	31.344788	527.93604
	72	32.318542	524.391
	73	31.353516	521.3875
	74	30.265411	546.97156
	75	30.027496	566.9197
	76	30.440216	577.75195
	77	30.22644	581.35913
	78	32.124725	569.567
	79	35.582245	559.4188
	80	30.128754	562.2007
	81	33.96472	557.44934
	82	32.61502	552.88
	83	36.736633	552.36096
	84	38.822662	552.25854
	85	38.100708	553.3801
	86	38.436157	551.3911
	87	38.771576	546.16187
	88	36.794495	541.4252
	89	36.324036	544.72656
	90	33.565155	543.51843
	91	33.12799	542.0586
	92	34.178345	541.2619
	93	30.951355	541.4077
	94	36.964325	543.93005
	95	131.26575	588.6913
	96	149.67488	610.3805
	97	145.13109	616.9077
	98	138.3731	585.46246
	99	135.61131	577.343
	100	135.89062	575.57056
	101	145.377	582.80237
	102	146.97456	587.3633
	103	148.7185	589.626
	104	152.14867	588.23584
	105	153.09697	588.00586
	106	153.79034	586.1982
	107	156.48915	585.17004
	108	158.05397	583.9127
	109	159.28712	583.4469
	110	160.20422	585.109
	111	159.43668	586.00256
	112	162.3398	583.52716
	113	164.01422	583.59314
	114	167.57831	582.3817
	115	169.74954	583.1089
	116	175.5521	575.2899
	117	175.18756	572.5314
	118	186.30008	574.27673
	119	149.99342	571.73
	120	126.19121	571.2017
	121	116.512695	568.53174
	122	163.04926	589.58716
	123	139.5571	577.8568
	124	118.010086	571.6526
	125	104.124664	573.8594
	126	91.68031	572.927
	127	69.40527	567.14545
	128	56.786713	563.9609
	129	52.866577	558.4055
	130	45.428345	564.15894
	131	45.05652	565.1394
	132	52.86731	566.68414
	133	57.224335	564.579
	134	60.240784	560.0598
	135	61.32776	558.7102
	136	68.65318	560.1328
	137	70.73274	559.41876
	138	71.32141	559.126
	139	70.72606	562.05347
	140	73.99483	561.75916
	141	78.291565	560.57874
	142	80.3111	557.7489
	143	77.84303	548.44617
	144	80.1953	540.59973
	145	161.64044	544.6443
	146	228.64621	542.73004
	147	259.5797	541.17883
	148	279.48352	540.79425
	149	287.0843	535.17365
	150	287.9217	524.217
	151	335.7113	551.76135
	152	366.8695	561.3352
	153	374.61658	561.40796
	154	380.0781	565.95624
	155	381.00662	556.68616
	156	383.30197	551.6758
	157	384.64453	553.0331
	158	382.6384	556.3189
	159	372.8642	552.4527
	160	369.94305	539.7003
	161	361.72583	536.312
	162	343.40805	526.7406
	163	340.25623	525.2125
	164	332.49008	513.00165
	165	336.30737	509.87744
	166	332.46924	510.89624
	167	335.55054	511.2109
	168	346.32202	518.9987
	169	348.01398	533.54517
	170	373.71478	542.1157
	171	397.67737	547.95544
	172	416.8557	547.9181
	173	437.47162	551.47253
	174	428.0506	549.23206
	175	430.55444	556.68823
	176	460.21204	550.1808
	177	405.8121	559.9701
	178	365.08282	566.3905
	179	324.72418	559.90906
	180	353.40265	552.7494
	181	358.4122	548.9631
	182	340.99362	544.20703
	183	333.1388	536.47644
	184	360.4456	538.27295
	185	385.9585	536.0554
	186	414.64563	539.596
	187	421.19135	535.74115
	188	426.64996	542.68945
	189	441.8322	553.71387
	190	449.99832	560.1749
	191	462.80176	559.97687
	192	476.34705	558.48975
	193	469.7437	554.7379
	194	463.48755	554.6459
	195	463.88513	558.3975
	196	463.78445	558.8672
	197	454.9643	557.2969
	198	444.6194	549.8228
	199	433.57227	549.72974
	200	430.98267	549.70966
	201	431.0276	554.7533
	202	391.8421	554.45105
	203	398.3694	549.71533
	204	376.53476	556.9603
	205	354.68643	567.7516
	206	318.46982	576.1416
	207	315.09012	579.5043
	208	323.85037	596.79065
	209	325.8246	614.4695
	210	295.1263	581.8578
	211	274.24942	569.8087
	212	301.53195	582.38586
	213	287.10223	588.5408
	214	277.26923	602.083
	215	270.16995	610.83966
	216	265.98135	620.4327
	217	278.15036	643.20386
	218	277.5999	656.70215
	219	264.61774	615.6266
	220	253.63275	600.1128
	221	255.8954	610.08594
	222	259.2453	623.4462
	223	263.3508	641.0024
	224	264.62415	653.7739
	225	269.4035	677.1681
	226	272.49063	696.04803
	227	270.1518	710.4413
	228	268.54666	723.2788
	229	269.03802	732.5795
	230	276.16913	748.38684
	231	288.61194	763.4825
	232	291.43692	771.36414
	233	296.6463	782.17126
	234	300.6951	789.0361
	235	303.69794	795.35114
	236	309.57202	803.8259
	237	315.6653	810.25397
	238	317.80444	815.66974
	239	316.2666	814.6229
	240	312.71454	812.969
	241	317.25558	813.9783
	242	311.18262	812.13385
	243	307.00238	807.9663
	244	305.643	806.91425
	245	301.04575	803.0691
	246	292.40536	796.31085
	247	289.55215	791.631
	248	294.21887	793.4078
	249	297.2872	794.182
	250	294.07336	793.5906
	251	286.1115	789.7187
	252	283.08533	789.3898
	253	285.36536	790.5249
	254	279.8766	788.65326


End of Keyframe Data
