Adobe After Effects 8.0 Keyframe Data

	Units Per Second	24
	Source Width	640
	Source Height	480
	Source Pixel Aspect Ratio	1
	Comp Pixel Aspect Ratio	1

Effects	Point Control #1	Point #2
	Frame	X pixels	Y pixels
	0	219.70872	59.057556
	1	226.42073	59.258972
	2	240.66028	63.300613
	3	248.5589	64.05336
	4	256.42398	65.353165
	5	263.59525	66.368744
	6	275.3962	68.709854
	7	279.3742	69.50227
	8	282.83008	70.12807
	9	284.8445	71.98387
	10	285.89005	70.92148
	11	284.95078	69.420135
	12	283.26318	68.45729
	13	280.11096	66.776535
	14	271.98807	63.26671
	15	266.8329	62.121857
	16	261.09665	62.140087
	17	253.36218	61.625706
	18	237.74481	60.39832
	19	229.53104	59.811478
	20	221.7735	59.09723
	21	214.27345	58.58426
	22	202.685	58.10019
	23	198.94711	57.87065
	24	195.67542	57.26259
	25	194.54254	56.61647
	26	193.56216	56.497787
	27	192.72571	56.844513
	28	195.1242	56.76265
	29	197.1324	56.67978
	30	199.87436	56.277206
	31	206.80011	56.443634
	32	211.2133	55.373795
	33	216.47601	56.160324
	34	222.3396	56.668457
	35	233.42804	58.94281
	36	239.26447	60.844086
	37	244.27982	62.98201
	38	251.62112	66.34978
	39	253.9158	66.74411
	40	255.56703	66.49014
	41	256.27432	64.183105
	42	254.14813	65.176865
	43	252.92282	64.13646
	44	251.12323	64.592224
	45	248.80957	63.57368
	46	245.71158	63.944714
	47	238.04437	61.48877
	48	234.0427	60.44635
	49	228.80115	59.795135
	50	217.87592	58.591934
	51	212.0228	57.878174
	52	206.73575	57.958282
	53	201.92532	57.779434
	54	194.4	58.84503
	55	192.19928	58.845078
	56	190.54964	58.55606
	57	189.84239	58.614975
	58	189.87149	58.970734
	59	192.65143	57.93454
	60	194.75694	57.229874
	61	197.37814	56.64122
	62	200.3576	56.44986
	63	209.01743	56.439438
	64	213.52692	56.101196
	65	218.74529	57.8739
	66	229.92737	59.209137
	67	235.54922	61.587646
	68	240.52698	64.1779
	69	244.92455	66.27782
	70	248.01788	68.083405
	71	253.1388	69.05296
	72	254.26065	68.89496
	73	254.0863	67.54108
	74	253.15945	65.64885
	75	249.12146	62.3017
	76	246.96794	61.60939
	77	244.38736	59.764023
	78	237.55786	56.976654
	79	234.24066	56.294983
	80	229.77484	56.46341
	81	224.81941	55.997787
	82	219.507	56.000793
	83	207.6258	55.57753
	84	201.8703	55.746017
	85	196.69495	56.367447
	86	191.19057	56.96315
	87	186.48221	61.107895
	88	185.7511	60.26767
	89	186.76605	58.902756
	90	188.16876	57.957947
	91	194.60144	55.763336
	92	198.5657	54.6649
	93	202.52792	53.334366
	94	207.33658	53.01013
	95	217.70999	54.52336
	96	223.13033	54.877106
	97	227.94522	55.30194
	98	231.97462	56.588562
	99	238.21552	59.26796
	100	240.7709	63.680355
	101	242.61661	63.786148
	102	243.29175	62.01389
	103	241.36595	60.045025
	104	238.98935	59.72032
	105	235.49829	59.382187
	106	231.42097	58.6812
	107	221.53717	56.71968
	108	216.0563	55.970367
	109	210.11105	56.430145
	110	204.12628	55.27043
	111	192.1183	56.87451
	112	185.86697	57.411224
	113	180.14743	58.812897
	114	175.07309	59.32422
	115	168.12798	60.360703
	116	167.06503	61.879105
	117	166.55046	61.220078
	118	167.3063	61.37755
	119	171.9412	61.607758
	120	175.62854	60.982162
	121	179.587	60.790974
	122	183.88263	60.12135
	123	193.25415	59.23465
	124	197.16534	58.981262
	125	201.37543	57.999146
	126	205.73703	56.782425
	127	213.90881	54.14479
	128	217.6051	54.019684
	129	221.10944	52.98578
	130	224.80609	51.32486
	131	231.27621	48.635147
	132	234.00168	47.203552
	133	236.55185	45.830307
	134	238.7927	44.19464
	135	243.5134	43.858337
	136	245.03918	45.27191
	137	247.36542	45.21321
	138	248.35077	45.924576
	139	249.70557	45.984833
	140	250.29703	44.626358
	141	251.01224	44.769455
	142	251.19507	45.82782
	143	251.68936	46.877045
	144	251.39023	47.577896
	145	251.06525	47.598923
	146	250.76248	47.74048
	147	249.03833	46.257095
	148	248.31732	45.799103
	149	247.59009	45.385498
	150	246.91144	45.18637
	151	245.94394	43.61206
	152	245.88272	43.16545
	153	245.3782	43.121918
	154	245.23804	42.894684
	155	244.83472	44.522858
	156	245.84149	44.43216
	157	246.06458	44.485977
	158	246.8645	43.355377
	159	247.10434	42.242508

Effects	Point Control #2	Point #2
	Frame	X pixels	Y pixels
	0	214.06705	111.06134
	1	218.85385	111.02347
	2	228.96909	113.226776
	3	235.14014	112.99693
	4	241.53287	112.99896
	5	247.24887	113.9101
	6	256.6367	116.474686
	7	260.19266	117.24313
	8	263.04865	117.8201
	9	264.88818	119.50761
	10	266.16974	119.32872
	11	265.9839	118.27118
	12	265.1857	117.5218
	13	263.46085	115.83645
	14	258.03552	112.99814
	15	254.35556	111.67851
	16	249.9784	111.52692
	17	244.01187	111.400116
	18	230.70891	112.63094
	19	224.09863	112.594894
	20	217.29337	112.152
	21	210.93088	111.725174
	22	201.34924	111.48262
	23	198.12991	111.58806
	24	195.23553	111.177444
	25	193.66318	110.51749
	26	192.10892	110.22751
	27	191.48367	110.63872
	28	192.57837	110.61278
	29	193.76709	110.555435
	30	195.6854	109.805115
	31	200.48578	109.09578
	32	204.6333	108.29727
	33	209.42278	108.54579
	34	215.06247	109.09451
	35	224.92058	109.97554
	36	229.57704	110.9691
	37	233.651	112.6866
	38	239.72823	115.26177
	39	241.68323	116.02432
	40	243.25636	115.96649
	41	244.34384	114.01301
	42	244.181	114.48444
	43	243.462	113.90955
	44	242.24063	114.271904
	45	240.74802	114.15294
	46	238.59818	114.51988
	47	233.46866	113.039085
	48	229.83005	111.901245
	49	225.97562	110.98421
	50	216.22302	110.50499
	51	210.87018	110.14659
	52	206.19905	110.673935
	53	201.9588	110.78752
	54	195.67508	112.709335
	55	193.49963	112.95535
	56	191.90646	113.00833
	57	191.20857	113.13493
	58	191.04974	113.482864
	59	192.2485	112.999344
	60	193.2792	112.30661
	61	194.76846	111.236664
	62	196.70047	110.63739
	63	202.6442	109.59447
	64	206.08276	109.816696
	65	210.21356	111.04318
	66	219.44977	111.13927
	67	224.40097	112.36369
	68	228.88434	114.25666
	69	232.9224	115.74328
	70	235.84872	117.17824
	71	240.88385	118.20392
	72	242.27457	118.217834
	73	242.85657	117.30722
	74	243.26431	115.97799
	75	242.42874	113.96942
	76	241.62311	113.62648
	77	240.38785	112.292046
	78	236.3245	110.08351
	79	234.07642	108.982925
	80	230.60468	108.968124
	81	226.89828	110.03476
	82	223.00363	110.683914
	83	213.48767	110.141525
	84	208.18674	110.24745
	85	203.45374	111.106155
	86	199.25366	111.73889
	87	194.82602	115.20041
	88	193.46414	114.58641
	89	192.98251	113.44777
	90	193.15952	112.71871
	91	195.1285	110.13664
	92	196.77496	108.83032
	93	198.50397	107.479675
	94	200.43561	106.54874
	95	206.2258	106.60362
	96	209.52911	106.66231
	97	212.90802	106.63628
	98	215.80705	107.05185
	99	221.50845	108.47867
	100	223.88847	111.90964
	101	226.34283	112.84159
	102	227.9851	112.63525
	103	229.24048	111.88919
	104	228.76747	111.86307
	105	227.82614	111.828476
	106	226.26407	111.91606
	107	221.70053	110.9122
	108	218.88583	110.7106
	109	215.74979	110.64276
	110	211.71536	109.71756
	111	202.53503	110.51117
	112	198.41577	111.52887
	113	194.15106	113.210815
	114	190.0852	113.37657
	115	183.74605	114.057495
	116	181.69232	115.24018
	117	180.18518	115.05894
	118	179.3768	115.374535
	119	179.5029	115.02803
	120	180.42084	114.625336
	121	181.2868	114.05617
	122	182.2684	113.31977
	123	185.82846	111.69043
	124	187.72488	111.03221
	125	189.98312	110.488266
	126	192.56197	109.882706
	127	198.49017	109.56766
	128	201.74374	109.739716
	129	204.51886	108.84227
	130	207.42644	107.53601
	131	213.27036	104.953125
	132	216.37036	103.78044
	133	219.43346	102.63187
	134	221.93698	101.12923
	135	227.56564	100.521835
	136	229.60852	101.29794
	137	231.84538	101.42276
	138	233.23047	101.81073
	139	235.14182	101.71123
	140	236.20816	100.60243
	141	237.27939	100.473434
	142	237.88028	101.4579
	143	238.30423	102.53337
	144	238.23746	102.89455
	145	238.0961	102.8401
	146	237.99568	103.01637
	147	237.5611	102.19937
	148	237.2771	101.512436
	149	236.84293	101.06032
	150	236.3989	100.904495
	151	235.85435	99.41498
	152	235.64194	99.199875
	153	235.32713	99.19957
	154	235.55295	99.26187
	155	235.59827	100.38103
	156	236.56308	100.56625
	157	237.41757	100.71121
	158	237.93596	100.02028
	159	238.54971	99.42062

Effects	Point Control #3	Point #2
	Frame	X pixels	Y pixels
	0	211.3887	160.55392
	1	214.03123	160.38847
	2	220.02771	162.03117
	3	224.00984	161.17258
	4	228.24414	159.8396
	5	231.9849	160.17986
	6	239.31488	161.83691
	7	242.08206	162.38846
	8	244.35385	162.76692
	9	246.05237	164.47322
	10	247.37003	164.41873
	11	247.74084	163.62402
	12	247.69492	163.03262
	13	247.06036	161.54327
	14	243.47202	160.06598
	15	241.35419	159.08868
	16	238.26913	159.58563
	17	234.31805	159.97743
	18	225.00739	162.37325
	19	220.04617	163.04855
	20	214.83368	162.77414
	21	210.19559	162.06018
	22	202.81787	161.84737
	23	200.24222	162.02579
	24	197.74742	161.5155
	25	196.05762	160.67413
	26	194.06174	160.10913
	27	193.41217	160.5813
	28	193.44397	160.67206
	29	193.81805	160.73055
	30	194.65121	159.93282
	31	196.92892	159.26175
	32	200.4824	159.12283
	33	204.47476	159.24463
	34	209.40474	159.65605
	35	217.32251	159.42549
	36	220.68352	159.7262
	37	223.64783	161.331
	38	227.98508	162.91508
	39	229.52908	163.1641
	40	230.66226	162.71707
	41	231.95248	160.65114
	42	233.09021	160.43367
	43	232.70724	159.84401
	44	231.8164	160.22955
	45	230.95508	160.60718
	46	229.51758	161.41257
	47	226.836	160.4867
	48	224.0293	159.95493
	49	221.66751	159.87256
	50	214.61795	160.46194
	51	210.65384	159.98198
	52	207.24881	160.3281
	53	203.97737	160.43918
	54	198.90118	162.65714
	55	196.92505	162.76675
	56	195.59558	162.77527
	57	194.90405	162.85132
	58	194.6756	163.17633
	59	194.59781	162.61615
	60	194.76309	161.81018
	61	195.40018	160.62648
	62	196.46115	160.14978
	63	199.7547	159.25177
	64	201.87857	159.92957
	65	204.32559	160.91418
	66	210.73575	160.03311
	67	214.40976	160.12807
	68	217.84796	161.16353
	69	221.30586	162.28645
	70	223.65384	163.3983
	71	228.05698	163.26279
	72	229.53015	163.13083
	73	230.7782	162.45374
	74	232.40402	161.20865
	75	234.75891	160.93929
	76	235.11731	161.11572
	77	235.05847	160.421
	78	233.04315	158.83342
	79	231.54309	158.43839
	80	228.76898	159.00229
	81	226.96509	161.24481
	82	224.88376	162.18816
	83	218.24837	161.3866
	84	214.03925	161.31262
	85	210.11382	162.07773
	86	207.40247	162.39062
	87	204.10782	164.6489
	88	202.13345	163.98074
	89	200.09357	162.99857
	90	199.33311	162.45966
	91	197.54854	159.63495
	92	197.25934	158.30215
	93	197.04047	157.03604
	94	196.7963	156.5875
	95	198.42831	156.83261
	96	199.51047	156.3263
	97	201.29498	155.87784
	98	202.83522	155.80655
	99	206.55243	156.1788
	100	208.34189	159.07712
	101	210.60068	159.50577
	102	212.68024	159.68094
	103	215.94061	158.797
	104	217.03488	159.04349
	105	218.00327	160.05634
	106	218.8089	160.8774
	107	219.19522	161.65381
	108	218.8291	161.575
	109	218.12265	161.28996
	110	215.87872	160.68076
	111	209.60257	161.86374
	112	208.00293	162.87323
	113	205.88947	164.16208
	114	203.56087	163.65247
	115	198.82797	162.84976
	116	196.03406	163.41136
	117	193.85835	162.77261
	118	191.55011	163.00977
	119	188.17136	162.10094
	120	186.94669	161.96571
	121	185.05814	161.31836
	122	183.1116	161.11673
	123	181.76897	159.60281
	124	181.96469	159.40656
	125	182.71524	159.35828
	126	183.69336	159.1778
	127	186.97919	160.66766
	128	189.32767	161.40274
	129	191.3468	160.78558
	130	193.49036	159.5491
	131	198.11505	157.51619
	132	201.27571	156.72849
	133	204.27863	155.7558
	134	206.7377	154.57321
	135	212.32281	154.60086
	136	214.39725	155.42044
	137	216.116	155.50656
	138	217.61122	156.14703
	139	219.7547	156.33293
	140	221.17108	155.56154
	141	222.34525	155.52158
	142	223.13194	156.66754
	143	223.46295	157.76266
	144	223.65082	158.19507
	145	223.76245	158.23921
	146	223.9436	158.56317
	147	224.75328	158.16064
	148	224.89072	157.58455
	149	224.69556	157.20099
	150	224.42203	157.09378
	151	224.09546	155.67773
	152	224.1402	155.5237
	153	224.2144	155.61641
	154	224.98471	155.79211
	155	225.53754	157.03336
	156	226.64822	157.24854
	157	228.16724	157.51993
	158	228.70561	156.86697
	159	230.0682	156.42487

Effects	Point Control #4	Point #2
	Frame	X pixels	Y pixels
	0	260.22745	109.62514
	1	265.78336	112.96214
	2	276.23343	122.14796
	3	281.95218	125.10537
	4	287.674	128.09093
	5	292.5691	131.32767
	6	300.35904	137.30724
	7	303.27545	139.24292
	8	305.7238	140.53049
	9	307.46042	142.263
	10	308.76044	142.04648
	11	308.94876	140.38962
	12	308.6885	138.79387
	13	307.65723	135.95915
	14	303.56894	130.03728
	15	300.6501	126.771385
	16	296.7501	124.29833
	17	291.2816	121.34644
	18	277.54205	115.893364
	19	270.29138	113.3169
	20	262.45596	110.03781
	21	255.20786	106.722885
	22	243.97177	102.9908
	23	239.73819	101.927536
	24	236.38318	100.685104
	25	234.32138	99.55919
	26	232.7987	99.28041
	27	232.84473	100.189255
	28	234.89267	101.763885
	29	236.77966	102.991714
	30	239.64139	103.86015
	31	246.80664	108.110306
	32	251.62482	109.52466
	33	256.77393	111.44574
	34	262.68845	113.66624
	35	272.55725	118.95126
	36	276.71692	122.39871
	37	279.8304	126.49688
	38	283.61407	133.12909
	39	284.61917	135.26025
	40	285.21384	136.47974
	41	285.6068	135.26183
	42	285.03674	136.3443
	43	284.36417	135.7835
	44	283.5544	135.83377
	45	282.901	134.61536
	46	281.74142	133.69162
	47	279.9657	127.149994
	48	277.45044	123.77624
	49	274.49396	119.54167
	50	265.15515	112.84217
	51	259.2122	109.05376
	52	253.3916	106.20326
	53	247.67143	103.393906
	54	238.17203	101.3575
	55	234.88312	100.29764
	56	232.69778	99.56935
	57	231.56526	99.28476
	58	231.08063	99.42616
	59	232.5173	99.79668
	60	233.82382	99.718
	61	235.732	99.383545
	62	238.27957	100.01622
	63	246.00467	102.809875
	64	250.66837	106.06004
	65	255.96033	110.25964
	66	267.36206	117.67287
	67	272.33377	123.20402
	68	276.29926	128.53113
	69	278.5735	133.65765
	70	279.42053	137.96483
	71	281.0879	142.91446
	72	281.1908	143.86133
	73	281.0473	143.077
	74	281.23438	141.55981
	75	280.99207	136.73833
	76	280.56476	135.27612
	77	279.99103	132.52823
	78	277.86835	127.74181
	79	277.2074	124.5272
	80	275.04214	122.544525
	81	273.0462	119.28374
	82	270.66467	116.58403
	83	262.7292	109.50922
	84	257.3399	106.76526
	85	251.51132	104.575836
	86	245.82288	101.91641
	87	237.20023	100.31378
	88	234.13235	98.75937
	89	232.49738	97.78465
	90	232.06082	97.28107
	91	234.02908	96.35695
	92	236.1701	96.46307
	93	238.7796	97.05583
	94	242.2688	99.54233
	95	249.3504	104.96457
	96	253.71451	108.089005
	97	258.23645	111.09668
	98	262.16452	114.8004
	99	268.653	123.40266
	100	270.6144	129.3974
	101	272.35278	132.62314
	102	273.46097	133.50467
	103	273.62564	134.12141
	104	272.82025	133.86647
	105	271.94174	132.4851
	106	270.5059	131.04797
	107	265.55878	126.394356
	108	263.14362	124.53937
	109	260.8778	122.59884
	110	257.88644	119.37996
	111	250.96526	115.18019
	112	248.06326	111.12256
	113	244.28317	108.255035
	114	239.79805	103.9091
	115	230.41684	97.40448
	116	226.58075	96.628006
	117	223.81439	95.08833
	118	222.08047	95.1465
	119	221.26335	95.15773
	120	222.24557	96.06474
	121	223.27821	97.0428
	122	225.12088	99.16359
	123	229.78922	102.03993
	124	231.87393	103.4203
	125	234.18979	104.8318
	126	236.84924	106.39113
	127	243.68771	112.16238
	128	247.73114	115.10912
	129	251.38065	116.64324
	130	254.97969	117.54167
	131	261.51398	119.10151
	132	264.8086	119.17417
	133	267.87424	118.93232
	134	270.1731	118.088326
	135	275.10025	117.85363
	136	276.72272	118.697235
	137	278.28784	119.205086
	138	279.1031	119.12454
	139	280.14114	118.17474
	140	281.18256	116.04751
	141	282.09354	115.63882
	142	282.91272	116.02983
	143	283.32764	116.64262
	144	283.31012	116.54761
	145	283.30627	115.83129
	146	283.4761	115.778206
	147	283.58344	113.643875
	148	283.5813	112.217
	149	283.37445	111.38373
	150	283.0837	111.053894
	151	282.80377	109.45279
	152	282.88913	109.1409
	153	282.86884	108.913086
	154	283.48264	108.666534
	155	284.138	109.70715
	156	285.34595	110.01431
	157	286.46045	109.79184
	158	287.07397	109.3544
	159	287.80664	108.44284

Effects	Point Control #5	Point #2
	Frame	X pixels	Y pixels
	0	292.88516	114.85356
	1	300.5917	125.002396
	2	312.43475	148.26038
	3	317.22318	161.27946
	4	319.58002	173.78151
	5	319.78265	185.71597
	6	316.12622	201.26093
	7	314.20374	207.37265
	8	313.13153	211.06923
	9	312.60123	213.64984
	10	312.35822	213.0858
	11	314.33472	210.48056
	12	317.16864	208.07672
	13	320.41754	202.96533
	14	324.89444	192.26634
	15	326.53864	183.9468
	16	326.79724	172.57928
	17	325.18225	162.43434
	18	310.7318	135.64182
	19	302.83362	126.52531
	20	296.30237	116.471596
	21	289.3614	108.31889
	22	273.64774	93.0811
	23	267.03415	87.69011
	24	260.53906	83.28653
	25	255.51123	82.39375
	26	253.13722	83.83766
	27	254.63132	90.908936
	28	257.97684	100.22368
	29	263.16183	106.3739
	30	267.17557	116.73469
	31	269.71127	142.16194
	32	269.93024	153.13086
	33	271.7896	160.05954
	34	275.22223	166.43181
	35	289.09906	175.57724
	36	295.58273	180.1599
	37	301.19815	184.00351
	38	309.9407	189.0139
	39	311.17194	192.37862
	40	311.79184	194.8362
	41	311.99164	197.54584
	42	309.12256	200.36021
	43	308.654	201.04404
	44	307.3072	201.71722
	45	307.1919	201.21402
	46	307.73914	198.71913
	47	306.71252	187.01517
	48	306.14307	177.06264
	49	303.89438	169.37207
	50	295.88422	148.38467
	51	289.44128	137.56833
	52	282.29086	129.07745
	53	276.09482	119.77432
	54	259.87564	107.121994
	55	252.36575	101.89229
	56	247.53275	100.642395
	57	243.40039	100.66092
	58	240.23257	98.013504
	59	240.99637	109.54173
	60	241.41348	118.13523
	61	243.59256	126.28889
	62	246.56541	133.64767
	63	251.35704	148.13016
	64	255.33037	154.71811
	65	259.94553	160.60223
	66	276.49652	172.0481
	67	285.5083	179.19452
	68	291.60336	185.82722
	69	297.5613	194.20038
	70	300.80487	200.6932
	71	303.12543	208.86356
	72	299.76047	211.37573
	73	298.1552	212.60799
	74	295.78943	212.51413
	75	294.30728	205.45912
	76	294.13315	202.3433
	77	293.95334	199.53981
	78	296.83496	192.13434
	79	298.0562	188.37202
	80	298.512	184.13354
	81	299.7021	178.0408
	82	300.1938	166.71985
	83	298.17953	148.89986
	84	293.46582	138.69409
	85	284.8964	131.30045
	86	277.00055	122.8666
	87	262.60788	110.93979
	88	256.50916	108.859375
	89	253.13628	104.99208
	90	249.11807	107.669464
	91	248.74362	111.73724
	92	250.74654	114.92294
	93	253.72855	120.38438
	94	254.9298	127.32574
	95	262.07343	141.40125
	96	267.88687	147.43495
	97	272.60654	153.35208
	98	278.3328	159.44586
	99	289.8024	173.87973
	100	294.83173	182.4347
	101	298.09348	191.4548
	102	299.57904	197.74586
	103	296.58234	206.5921
	104	292.63657	205.5228
	105	290.5045	204.49792
	106	287.97946	203.22598
	107	286.11215	195.418
	108	286.6132	189.975
	109	288.22128	184.46753
	110	290.0449	177.1813
	111	291.36285	158.93842
	112	289.48508	148.20065
	113	286.11914	139.58363
	114	281.76392	131.87059
	115	271.6715	120.03642
	116	264.5228	112.64315
	117	257.9547	109.40799
	118	250.94522	107.983795
	119	243.5683	107.24208
	120	243.28201	108.643555
	121	243.98938	111.753815
	122	244.96397	118.73989
	123	249.1609	132.79614
	124	249.80646	140.99467
	125	251.82376	150.02924
	126	253.92505	159.18445
	127	257.4043	176.14133
	128	260.04718	184.5459
	129	261.8473	191.36931
	130	261.8259	195.84204
	131	257.85037	200.05502
	132	257.25467	198.9034
	133	258.37662	197.5654
	134	260.17648	194.70456
	135	263.8346	189.27156
	136	264.2089	185.6777
	137	265.93796	182.78253
	138	267.3967	180.487
	139	270.91492	177.19325
	140	273.98627	177.22838
	141	275.2076	177.19377
	142	276.399	178.56717
	143	279.49286	180.58499
	144	280.18994	182.89954
	145	283.16785	184.50635
	146	285.8309	186.57426
	147	293.00845	186.5311
	148	295.59195	185.04611
	149	299.80762	183.63672
	150	301.8462	182.32428
	151	303.97916	180.46432
	152	304.36954	180.22595
	153	304.57013	180.13309
	154	304.19968	180.01688
	155	302.67798	181.27823
	156	301.08765	182.42477
	157	299.23135	182.93692
	158	297.7027	181.67235
	159	296.6795	180.69453

Effects	Point Control #6	Point #2
	Frame	X pixels	Y pixels
	0	334.73523	151.26569
	1	339.65735	165.23352
	2	342.91043	196.61995
	3	340.74896	214.71417
	4	339.71155	232.16982
	5	335.27087	248.7459
	6	326.4654	270.22626
	7	320.61313	278.2547
	8	315.1301	282.98093
	9	310.79135	285.9937
	10	303.40085	284.12756
	11	302.15024	280.36542
	12	301.98254	276.78418
	13	300.86423	269.44678
	14	304.21216	256.47162
	15	312.09665	247.6633
	16	321.43658	235.75763
	17	336.17093	221.37054
	18	347.55444	177.12581
	19	347.56384	158.15164
	20	348.07788	138.52968
	21	344.60004	121.342575
	22	331.5694	92.8571
	23	323.2425	81.20125
	24	316.48364	73.93594
	25	308.62845	67.55031
	26	298.7638	61.49756
	27	295.12726	63.030487
	28	291.5139	65.97464
	29	289.37695	71.110275
	30	286.73865	78.398834
	31	291.9406	98.81944
	32	297.6704	110.57454
	33	305.7175	124.9035
	34	315.10715	143.50684
	35	330.4568	187.14737
	36	333.60565	207.84174
	37	332.86923	225.59181
	38	328.3874	249.71295
	39	324.08554	257.10013
	40	319.39703	261.82376
	41	314.32162	265.9117
	42	305.35907	268.55286
	43	301.77902	267.6801
	44	299.36362	267.19284
	45	297.22394	266.12762
	46	295.98718	262.5389
	47	296.05457	250.1158
	48	299.83066	240.86942
	49	301.763	233.62926
	50	304.84256	212.10818
	51	311.73126	194.2381
	52	315.74445	176.49733
	53	317.5756	158.96608
	54	310.79144	121.27649
	55	306.1112	104.69092
	56	298.48016	89.245926
	57	290.61398	77.7778
	58	282.70322	71.95497
	59	271.5747	68.008606
	60	268.26807	71.49094
	61	267.37112	78.14656
	62	270.0484	86.724686
	63	285.76947	111.784134
	64	295.82837	126.417946
	65	305.95505	144.992
	66	325.70602	188.96925
	67	331.4644	211.54617
	68	331.8731	230.23431
	69	330.10706	249.20088
	70	325.47824	263.0886
	71	310.2549	277.19937
	72	302.99472	280.6588
	73	295.18713	282.10132
	74	286.20105	282.2889
	75	271.81305	270.3961
	76	268.22064	266.1073
	77	267.1533	262.79114
	78	268.90405	254.63754
	79	271.2043	251.41284
	80	274.26154	248.64566
	81	277.71967	243.0477
	82	283.51825	233.01112
	83	296.98663	214.4984
	84	302.91183	199.32695
	85	306.36993	183.40178
	86	311.36752	166.76056
	87	311.8784	136.38498
	88	310.2958	121.99007
	89	308.14136	110.81552
	90	305.051	102.96924
	91	301.31464	88.443436
	92	300.99747	86.15866
	93	300.86615	85.20265
	94	301.81677	89.32243
	95	314.0643	108.20439
	96	323.83725	121.91384
	97	331.95218	138.92107
	98	339.4876	155.5758
	99	347.70233	197.88766
	100	347.09973	219.73866
	101	341.53113	240.96094
	102	331.01904	256.69153
	103	304.4494	274.4308
	104	295.01453	274.7625
	105	286.4778	274.84744
	106	277.63794	274.13702
	107	259.17505	262.45868
	108	252.04694	253.47038
	109	247.95105	244.56586
	110	247.04587	235.41388
	111	254.12552	220.22198
	112	260.67334	212.68066
	113	270.76593	204.7896
	114	284.3751	193.4725
	115	299.89682	169.49469
	116	305.69437	152.51859
	117	307.15262	136.23666
	118	306.34628	124.2353
	119	305.22623	107.55986
	120	305.9874	103.51993
	121	306.50616	102.28624
	122	306.8378	104.068344
	123	312.138	116.292114
	124	313.9746	128.62805
	125	317.84155	145.45895
	126	319.79248	166.05164
	127	314.55032	209.90291
	128	306.99945	231.76259
	129	299.13174	248.62596
	130	287.20013	261.1244
	131	266.54752	271.88788
	132	256.94495	269.81592
	133	242.73883	263.2089
	134	229.45227	253.69504
	135	210.3523	234.8083
	136	204.88516	226.82042
	137	203.22441	221.71849
	138	202.75987	217.52835
	139	207.15173	215.93925
	140	210.9688	217.50253
	141	217.04037	222.10965
	142	224.41122	228.39673
	143	247.4866	242.37573
	144	259.25916	249.4073
	145	270.1459	254.02417
	146	280.32126	258.8529
	147	294.0588	259.56305
	148	299.19424	257.779
	149	302.35684	256.31775
	150	307.29437	254.25417
	151	313.54	251.313
	152	315.01633	250.81956
	153	315.77032	250.57497
	154	315.11685	250.54413
	155	309.96045	252.05927
	156	306.39188	253.79459
	157	301.29666	254.77008
	158	297.5604	253.1377
	159	289.81573	250.69415

Effects	Point Control #7	Point #2
	Frame	X pixels	Y pixels
	0	164.48303	112.604065
	1	168.84283	108.95749
	2	179.61176	103.91054
	3	186.643	100.45264
	4	193.99005	97.4485
	5	200.73773	96.03487
	6	212.3569	95.37656
	7	216.77142	95.07051
	8	220.14087	94.985886
	9	222.13132	96.6535
	10	223.43405	96.533646
	11	222.83713	96.05911
	12	221.39331	96.10814
	13	218.8418	95.52132
	14	211.65863	95.64334
	15	206.988	96.23581
	16	201.76266	98.36119
	17	194.95406	101.077545
	18	181.08488	109.17407
	19	174.68956	111.82262
	20	168.50339	114.436005
	21	162.78629	117.16441
	22	154.55911	120.80478
	23	152.24844	122.24078
	24	149.76218	122.77282
	25	148.635	122.65359
	26	147.01672	122.359024
	27	145.73454	122.19675
	28	145.87563	120.37937
	29	146.37895	118.88857
	30	147.42033	116.33289
	31	150.28574	110.16376
	32	154.10674	106.97757
	33	158.87025	105.44978
	34	164.65547	104.25581
	35	175.59558	100.68167
	36	181.23608	99.248276
	37	186.90958	98.70822
	38	196.23407	97.553925
	39	199.41693	97.08841
	40	202.1958	95.891785
	41	204.1826	93.33156
	42	204.58643	93.29938
	43	203.84177	92.72116
	44	202.16296	93.35512
	45	199.76923	94.26051
	46	196.5086	95.81641
	47	187.15173	98.982834
	48	181.96439	99.96512
	49	176.67844	102.28935
	50	165.29555	108.072525
	51	159.88577	111.299164
	52	155.81569	115.4469
	53	152.60754	118.769646
	54	148.98714	125.18066
	55	147.80653	126.93121
	56	146.75385	127.88418
	57	146.45772	128.49316
	58	146.60303	129.09018
	59	147.49301	127.67302
	60	148.21402	126.29878
	61	149.2636	124.403854
	62	150.5579	122.424286
	63	154.73167	117.09131
	64	157.07658	113.94583
	65	160.28363	111.89839
	66	168.56815	104.20073
	67	174.44043	101.06477
	68	180.15298	99.58588
	69	186.95695	97.705536
	70	192.70502	96.595856
	71	201.8356	94.203766
	72	204.73862	93.48384
	73	206.2313	92.593765
	74	206.9824	91.53354
	75	205.88962	92.395645
	76	204.79517	93.15195
	77	202.96283	93.16884
	78	196.89491	93.32387
	79	192.91528	94.148605
	80	187.9542	95.93768
	81	182.21576	101.07947
	82	176.28674	104.90071
	83	163.59985	110.782166
	84	157.64746	113.82789
	85	153.15843	117.940544
	86	149.87152	122.15466
	87	148.88075	131.34158
	88	148.97018	131.90234
	89	149.41505	130.71727
	90	150.08327	129.81311
	91	151.81978	125.47783
	92	152.85799	122.617096
	93	153.5923	119.10338
	94	153.87407	114.34708
	95	158.29968	108.425186
	96	160.66826	105.084656
	97	163.17139	101.74211
	98	165.4823	98.64017
	99	171.90677	92.776825
	100	175.37967	93.75461
	101	179.23325	92.58728
	102	181.99188	91.52838
	103	185.22215	89.8407
	104	185.43134	90.21762
	105	184.75912	91.66283
	106	183.36784	93.36606
	107	179.8448	96.13695
	108	176.75076	97.545105
	109	172.73811	99.24736
	110	167.56874	100.47882
	111	155.61406	105.987625
	112	149.55789	111.92874
	113	144.01424	118.167046
	114	139.43108	123.023285
	115	134.6045	131.59212
	116	133.78995	135.10205
	117	133.23792	136.54834
	118	133.06372	137.31229
	119	133.77124	136.78795
	120	134.41478	135.04147
	121	134.8889	132.85489
	122	134.73325	129.02283
	123	136.82475	122.447975
	124	138.40666	119.53536
	125	140.5152	116.8179
	126	142.94815	113.79421
	127	148.07216	106.67328
	128	150.78831	103.79022
	129	153.03558	100.27197
	130	155.6549	96.64276
	131	161.92299	89.894516
	132	165.54349	87.62761
	133	169.171	85.71838
	134	172.44785	83.7296
	135	179.77994	83.09845
	136	182.62444	83.946686
	137	185.90346	83.83206
	138	188.26169	84.83804
	139	191.56674	85.7688
	140	192.81613	85.70079
	141	194.1556	85.8801
	142	194.5494	87.436554
	143	195.02454	88.97058
	144	194.93288	89.77704
	145	194.66833	90.3611
	146	194.25183	90.74182
	147	193.24257	91.17857
	148	192.63396	91.19183
	149	191.9147	91.09265
	150	191.26884	91.093094
	151	190.34625	89.68532
	152	189.69328	89.53209
	153	188.9531	89.724655
	154	188.58716	90.046326
	155	187.56442	91.1521
	156	187.97034	91.155
	157	188.24013	91.60564
	158	188.43051	90.61636
	159	188.32054	90.22031

Effects	Point Control #8	Point #2
	Frame	X pixels	Y pixels
	0	111.1082	150.33917
	1	112.40427	142.33554
	2	124.40134	123.67555
	3	133.78337	114.49058
	4	143.9223	109.8714
	5	151.568	107.20154
	6	163.4562	108.92308
	7	169.21724	107.00392
	8	174.74176	104.53749
	9	178.06729	107.36485
	10	178.54123	111.08275
	11	177.29613	114.07539
	12	175.91582	115.97046
	13	174.47014	116.341675
	14	168.02171	124.91106
	15	162.7692	132.46646
	16	157.82803	140.919
	17	153.15231	149.33899
	18	142.39851	168.33968
	19	138.99072	174.29202
	20	135.66762	179.29317
	21	132.77359	184.02762
	22	128.35016	189.73103
	23	127.07623	191.7307
	24	125.23447	193.07379
	25	123.19951	194.75197
	26	121.16765	195.09598
	27	120.38231	194.34471
	28	120.21622	191.37006
	29	120.48413	186.39038
	30	120.18933	181.2888
	31	120.22656	173.96643
	32	120.30441	168.64943
	33	121.495316	161.40825
	34	124.55939	153.2073
	35	132.09715	132.52722
	36	137.49606	122.47962
	37	143.05368	112.433624
	38	153.40219	99.71866
	39	158.11958	93.70607
	40	162.63109	88.42636
	41	165.72356	87.592834
	42	168.37613	93.29726
	43	168.59738	100.02249
	44	166.8389	104.995605
	45	166.14214	109.783295
	46	164.8815	116.567444
	47	160.20795	132.26425
	48	155.75822	142.43
	49	151.82372	148.9781
	50	142.69006	165.27338
	51	139.03352	174.49213
	52	135.53787	183.57724
	53	132.6203	191.21783
	54	131.24016	201.00006
	55	131.1037	204.11462
	56	132.43787	206.00507
	57	134.32043	207.27287
	58	135.31108	207.76428
	59	135.75406	206.36836
	60	135.76996	204.7091
	61	134.00056	201.41675
	62	131.45981	197.75346
	63	128.86867	187.56184
	64	127.61456	180.34045
	65	126.70953	170.06593
	66	129.637	148.92853
	67	131.74815	137.25137
	68	137.42322	122.00077
	69	144.7195	111.37921
	70	153.80688	104.16409
	71	169.12437	90.462204
	72	175.6348	84.50525
	73	179.80429	87.56761
	74	180.23196	87.85797
	75	179.25009	96.69176
	76	178.49667	104.223145
	77	176.57071	112.910355
	78	174.1266	131.2999
	79	173.44662	138.54538
	80	172.27887	144.75262
	81	167.86775	151.54884
	82	162.29073	159.94974
	83	152.35645	177.0976
	84	148.4421	185.56229
	85	147.79784	189.0266
	86	146.67262	195.999
	87	144.72403	209.34235
	88	144.12378	212.16612
	89	144.3097	212.62262
	90	144.32472	212.02466
	91	139.89737	207.72513
	92	137.20717	205.02527
	93	132.76076	198.92682
	94	128.30644	192.03384
	95	116.874115	171.66428
	96	113.09581	161.31445
	97	109.02928	146.31845
	98	108.698	131.59332
	99	113.57732	108.69679
	100	121.03053	101.24701
	101	129.95206	96.78993
	102	139.44238	96.468216
	103	152.02321	104.634445
	104	156.34962	110.34909
	105	159.95872	117.099884
	106	162.75964	123.19014
	107	160.58679	134.40616
	108	158.68076	140.20969
	109	156.6324	145.8311
	110	152.4268	151.7726
	111	143.9791	167.39856
	112	138.325	176.3065
	113	133.51938	184.80562
	114	129.28197	192.49751
	115	127.18919	203.26057
	116	127.57262	209.48077
	117	129.02756	214.75096
	118	128.97972	217.9236
	119	129.44507	216.9523
	120	128.24556	214.53012
	121	125.190094	211.09161
	122	122.927536	207.44531
	123	118.29094	199.33078
	124	116.62561	195.68315
	125	114.310745	192.51129
	126	113.184265	189.94806
	127	110.90323	178.62749
	128	109.308044	174.35161
	129	108.85509	168.841
	130	108.166016	162.61758
	131	108.13974	151.80466
	132	109.64987	145.84167
	133	114.34909	139.70422
	134	117.74312	135.63805
	135	126.00845	130.66667
	136	131.55307	132.92221
	137	137.34816	133.82637
	138	142.14124	134.18707
	139	151.97563	138.12003
	140	154.54881	140.42615
	141	157.19992	141.64862
	142	159.11252	144.02692
	143	162.14954	147.4834
	144	162.90567	148.24997
	145	163.20139	148.88843
	146	163.62373	149.32996
	147	161.56136	149.69012
	148	161.108	150.14659
	149	159.37726	150.01236
	150	157.48534	149.87956
	151	156.15004	149.84396
	152	155.5587	149.52528
	153	155.01234	149.4591
	154	153.76707	149.21753
	155	153.0936	149.18488
	156	152.79898	149.02391
	157	152.96558	148.70496
	158	153.04347	148.20306
	159	150.35204	148.70746

Effects	Point Control #9	Point #2
	Frame	X pixels	Y pixels
	0	113.40669	221.65923
	1	114.91278	212.60341
	2	121.79669	188.05307
	3	128.49739	173.41658
	4	135.28596	158.10153
	5	143.15154	145.49213
	6	160.87282	124.46506
	7	168.82262	116.282295
	8	175.32341	112.756454
	9	179.21918	113.204865
	10	179.53026	122.26577
	11	177.32805	129.95708
	12	172.86337	138.5734
	13	166.01219	149.20071
	14	152.04053	173.8269
	15	146.30272	188.5962
	16	139.34636	202.99977
	17	133.21844	216.33289
	18	120.850555	242.51738
	19	116.185	250.39706
	20	113.37387	257.07944
	21	112.957825	264.03403
	22	110.37225	271.24814
	23	110.924164	273.1733
	24	109.95409	274.56296
	25	112.65079	276.40167
	26	116.71129	276.6187
	27	119.23123	275.56274
	28	122.977936	272.0095
	29	124.94943	266.4337
	30	126.08063	259.70905
	31	128.93071	248.79309
	32	128.72455	241.5675
	33	130.86537	232.27878
	34	131.99977	222.65378
	35	133.87161	196.64577
	36	136.28325	182.01193
	37	138.8009	166.51788
	38	142.5693	143.9092
	39	147.10388	136.19359
	40	150.34874	130.30168
	41	153.31303	126.75314
	42	157.90034	126.53665
	43	159.52621	129.31189
	44	160.47552	134.49304
	45	159.18541	143.19324
	46	155.9401	152.76613
	47	151.17622	179.78032
	48	147.34525	196.11247
	49	145.31367	207.14365
	50	137.81	232.84909
	51	134.82013	245.44765
	52	131.9486	257.60638
	53	130.55792	268.08887
	54	128.2137	280.84726
	55	128.88199	284.75513
	56	130.36276	286.6633
	57	133.99725	287.88235
	58	137.77771	288.15927
	59	146.9097	285.22513
	60	150.58191	282.4334
	61	153.2102	277.95166
	62	155.2468	272.46124
	63	155.59695	259.24887
	64	154.52835	250.76382
	65	153.73932	239.52937
	66	149.97356	218.21306
	67	149.1486	204.74815
	68	147.78964	186.39598
	69	145.929	171.45512
	70	144.91211	156.98805
	71	144.96637	128.44864
	72	146.42879	115.340645
	73	148.18056	105.417206
	74	149.13423	98.88426
	75	150.49619	92.930115
	76	149.9905	96.24129
	77	148.08763	101.45494
	78	140.27179	122.159546
	79	135.29698	136.75394
	80	130.35316	154.62518
	81	125.133026	175.51878
	82	119.55527	194.5492
	83	112.313614	230.50938
	84	111.68056	246.87415
	85	116.5235	257.76236
	86	120.22952	269.54755
	87	130.31473	290.29108
	88	140.62775	294.22928
	89	147.62347	295.02838
	90	153.1934	293.45465
	91	155.96027	286.30148
	92	156.42444	280.74216
	93	155.84445	272.77426
	94	152.30533	266.58148
	95	144.1374	245.38156
	96	138.0104	236.5233
	97	131.68474	222.3863
	98	123.1151	207.29305
	99	109.291	177.73022
	100	106.30611	163.25195
	101	103.32875	148.75096
	102	101.769135	133.42564
	103	101.982056	107.77855
	104	102.98241	99.47888
	105	105.61951	94.47864
	106	105.97139	92.436874
	107	100.61835	100.85161
	108	95.250854	110.431564
	109	89.802475	124.29827
	110	83.90535	141.84535
	111	74.63817	183.83548
	112	71.013794	205.46973
	113	71.349106	227.9421
	114	79.83255	250.90236
	115	108.737335	280.47992
	116	122.47826	290.75848
	117	136.58253	296.3149
	118	148.88942	297.25128
	119	168.29485	289.3443
	120	173.19684	283.16885
	121	175.34933	276.1559
	122	173.7422	271.69934
	123	167.71577	262.76752
	124	162.0871	261.1315
	125	155.05994	260.228
	126	147.5179	259.6826
	127	122.49831	254.88422
	128	109.246185	251.49092
	129	96.42775	244.30902
	130	85.057465	235.0889
	131	65.55351	213.88608
	132	59.18161	200.67831
	133	55.427887	183.50435
	134	52.362976	170.09595
	135	53.1969	147.90466
	136	56.483734	138.32733
	137	62.22171	132.69421
	138	67.25084	130.05591
	139	78.076416	131.3522
	140	79.63234	133.6275
	141	82.472855	137.77322
	142	83.95833	142.99287
	143	87.53508	150.17209
	144	88.415054	151.23906
	145	88.85071	151.82794
	146	89.30737	149.96622
	147	86.59332	143.57486
	148	86.38272	140.72568
	149	84.5271	137.44968
	150	82.24715	135.20177
	151	80.543304	131.41461
	152	79.69307	130.53928
	153	79.15491	129.47902
	154	77.732254	129.37405
	155	78.39722	130.38574
	156	79.65619	132.4891
	157	82.477356	135.86996
	158	87.74373	138.99834
	159	111.11325	148.77954

Effects	Point Control #10	Point #2
	Frame	X pixels	Y pixels
	0	231.39722	202.70122
	1	232.5701	204.30055
	2	235.0566	209.46411
	3	236.68304	209.78317
	4	238.58179	208.67429
	5	240.14001	209.80385
	6	244.7415	212.60643
	7	246.40762	213.6488
	8	247.926	214.2635
	9	249.44418	216.09659
	10	250.80505	216.1798
	11	251.87326	215.28647
	12	252.79428	214.2976
	13	253.4982	212.24081
	14	252.33919	210.44084
	15	252.00009	208.61136
	16	250.41238	208.48012
	17	248.53986	207.7761
	18	242.74545	207.54843
	19	238.96786	207.49213
	20	234.6972	205.66405
	21	231.02484	202.95712
	22	224.69507	200.73851
	23	222.20831	200.29323
	24	219.79845	199.18843
	25	217.76059	197.866
	26	215.38904	197.0073
	27	215.05264	197.827
	28	214.68478	198.89828
	29	214.71259	199.782
	30	215.08441	199.82497
	31	216.31424	202.0351
	32	219.75378	203.9686
	33	223.17911	205.03629
	34	227.59708	206.4032
	35	233.63162	207.72157
	36	235.44067	208.75687
	37	236.89825	211.84416
	38	238.25607	214.84564
	39	238.8775	215.31871
	40	239.08118	215.16536
	41	240.15015	213.3183
	42	242.18045	212.46713
	43	242.11423	211.81244
	44	241.72943	212.0095
	45	241.8737	212.33357
	46	241.59302	212.90384
	47	242.90292	209.55289
	48	241.37045	208.33461
	49	240.93164	207.28143
	50	236.6015	205.38058
	51	233.63191	202.712
	52	230.74136	200.89957
	53	227.56897	199.28758
	54	221.99353	199.46767
	55	219.63876	198.66002
	56	218.24207	198.16634
	57	217.3598	197.93973
	58	216.93085	198.11119
	59	215.91568	197.87784
	60	215.48663	197.2616
	61	215.60489	196.33865
	62	216.25839	196.62552
	63	218.23355	197.92766
	64	219.92398	200.76617
	65	221.46793	203.23279
	66	226.30984	205.6275
	67	228.67432	207.07431
	68	230.61142	209.1692
	69	232.64377	212.14006
	70	233.19528	214.60875
	71	235.17688	215.40189
	72	236.0654	215.66797
	73	237.53175	215.3406
	74	240.11801	214.0251
	75	245.61072	214.30539
	76	247.19897	214.51047
	77	248.5373	213.82695
	78	249.33514	211.5292
	79	249.35321	210.8259
	80	247.90097	211.02751
	81	248.949	212.53722
	82	249.26547	211.89957
	83	245.97876	206.76308
	84	242.63885	204.732
	85	238.99423	203.48251
	86	236.74817	201.5509
	87	232.28152	199.61569
	88	228.89914	198.228
	89	225.0073	197.27301
	90	223.19144	196.91576
	91	218.27284	194.49715
	92	216.62225	193.8025
	93	215.23193	193.58026
	94	214.02383	195.39066
	95	212.81705	198.78867
	96	212.53915	199.45647
	97	213.45161	200.32718
	98	214.2294	201.68073
	99	216.1672	205.199
	100	217.03622	209.12456
	101	218.60521	210.37617
	102	220.63864	211.65076
	103	224.90045	211.30467
	104	227.14479	211.72733
	105	229.81244	213.2738
	106	232.7497	214.14905
	107	237.38129	215.30264
	108	239.37265	214.49464
	109	241.2319	212.9435
	110	241.12807	211.4893
	111	238.63242	210.45744
	112	240.07935	208.72917
	113	239.96112	207.07358
	114	238.83841	203.22986
	115	233.57416	196.7355
	116	229.17328	195.4242
	117	225.70764	193.488
	118	221.6991	193.30486
	119	214.91486	191.76823
	120	212.00632	192.39668
	121	207.95267	192.32817
	122	204.10599	193.9317
	123	199.31378	194.70395
	124	198.27509	195.95802
	125	197.88261	197.38744
	126	197.6465	198.76414
	127	199.33228	205.50589
	128	201.30186	208.52011
	129	203.0365	209.7035
	130	204.76404	209.92285
	131	208.4917	211.35963
	132	211.63718	212.01657
	133	214.41302	211.97603
	134	216.63058	211.85803
	135	221.65753	213.63382
	136	223.445	214.80772
	137	224.27458	215.41432
	138	225.51334	216.56537
	139	227.32056	217.24411
	140	229.04926	216.70628
	141	230.2176	216.74219
	142	231.32784	217.97557
	143	231.59149	219.16519
	144	232.06561	219.57037
	145	232.52785	219.61603
	146	233.14285	219.95108
	147	235.49646	219.39786
	148	236.25644	218.76068
	149	236.45709	218.34839
	150	236.45537	218.21635
	151	236.51892	216.75665
	152	237.01794	216.53357
	153	237.66568	216.53027
	154	239.236	216.54626
	155	240.71439	217.6163
	156	242.17343	217.7214
	157	244.54868	217.73705
	158	245.13684	216.92206
	159	247.38226	215.99591

Effects	Point Control #11	Point #2
	Frame	X pixels	Y pixels
	0	248.6318	297.82495
	1	249.88037	299.73294
	2	251.81613	305.7929
	3	255.15994	305.98495
	4	256.9439	305.19714
	5	257.97336	306.99756
	6	260.99963	310.3449
	7	261.36664	311.62738
	8	260.50494	312.42206
	9	260.42892	314.09604
	10	259.64734	313.979
	11	259.7314	313.04758
	12	259.53662	312.0739
	13	259.78317	310.00854
	14	258.21872	308.77075
	15	258.6539	306.5973
	16	256.7593	306.35733
	17	255.79535	305.44815
	18	254.44891	304.56882
	19	254.02567	303.995
	20	254.22287	300.8701
	21	254.60129	297.01334
	22	253.25534	293.45438
	23	252.85948	292.06848
	24	252.4347	290.01312
	25	251.8354	287.96048
	26	250.71475	286.79004
	27	250.85075	287.62866
	28	250.12326	289.1028
	29	249.3291	290.10168
	30	248.7107	290.33575
	31	246.89944	294.15927
	32	247.87112	297.26913
	33	246.61507	298.9876
	34	246.88617	301.33743
	35	247.58224	304.7271
	36	246.91766	306.68036
	37	245.38043	310.69397
	38	242.22147	313.03464
	39	241.65134	312.62878
	40	241.18442	312.23096
	41	241.99954	310.03418
	42	242.68968	309.43323
	43	242.58792	309.32153
	44	243.27515	309.87747
	45	244.93216	310.818
	46	245.82664	311.79187
	47	248.14142	308.1957
	48	247.45422	307.02094
	49	249.7254	305.65494
	50	250.11446	301.77353
	51	250.5693	297.66348
	52	251.18344	294.25232
	53	251.87117	291.6343
	54	252.26443	289.81363
	55	252.99854	287.2299
	56	253.83133	285.35815
	57	255.17119	283.87473
	58	256.5371	283.17172
	59	256.36615	282.692
	60	255.41919	282.654
	61	254.51538	283.20892
	62	252.75134	284.75043
	63	248.70499	289.07123
	64	246.83316	293.84033
	65	245.18524	297.82965
	66	243.18848	303.06625
	67	242.9736	305.67065
	68	242.10431	308.93256
	69	242.31403	312.76514
	70	240.0661	315.54156
	71	239.26454	316.1345
	72	239.64282	316.0585
	73	240.32614	315.64655
	74	241.88788	313.9162
	75	243.81464	314.07123
	76	244.33423	314.32178
	77	246.0927	314.05487
	78	247.54333	312.43427
	79	248.02228	311.95157
	80	247.07007	311.8025
	81	249.57155	313.40247
	82	249.7712	311.32043
	83	249.47607	305.2436
	84	250.17609	302.43924
	85	250.34448	300.11935
	86	252.20111	297.2275
	87	251.7464	294.46454
	88	250.62096	293.2463
	89	249.1809	292.0987
	90	250.11636	291.25073
	91	246.30165	288.2179
	92	244.75099	287.38138
	93	241.3347	287.7459
	94	237.54202	290.05756
	95	230.09738	294.724
	96	225.87253	296.36374
	97	222.78702	298.6145
	98	219.57858	301.16272
	99	219.31062	306.56186
	100	220.21182	310.64368
	101	222.18073	311.86337
	102	223.39165	313.61066
	103	224.30527	313.03595
	104	225.20364	313.49316
	105	226.44199	315.2263
	106	227.87675	316.04626
	107	230.76428	317.09595
	108	231.57779	315.3448
	109	233.7041	314.04846
	110	234.38133	312.81937
	111	239.74512	309.7765
	112	245.69678	307.22113
	113	247.10837	304.83545
	114	248.44003	300.6114
	115	249.1911	292.8039
	116	247.14178	291.03592
	117	246.93344	288.40762
	118	243.8335	287.87897
	119	241.61786	285.8178
	120	239.24362	286.75296
	121	235.73248	286.1605
	122	232.38223	287.88608
	123	225.92493	288.65402
	124	222.78491	290.9101
	125	219.9512	293.2752
	126	216.57455	295.5595
	127	211.29114	304.60318
	128	210.62976	308.8247
	129	210.03305	310.55267
	130	211.31442	311.96408
	131	215.29199	315.6378
	132	217.64246	316.97864
	133	219.02417	317.41345
	134	220.04141	317.19876
	135	223.3381	318.2201
	136	223.30206	318.2502
	137	222.72678	318.86102
	138	222.90115	320.17194
	139	222.99202	320.41388
	140	223.8691	319.7636
	141	223.20862	319.13266
	142	222.9675	320.7221
	143	220.81006	321.29578
	144	221.16788	321.94144
	145	221.72458	322.18408
	146	222.60403	321.66315
	147	223.39485	320.50177
	148	223.60095	319.56177
	149	223.62009	318.3604
	150	223.85135	318.12582
	151	224.95958	316.59198
	152	227.15796	316.3266
	153	227.95676	317.06
	154	229.81042	317.30084
	155	230.10562	317.42606
	156	232.22159	318.1083
	157	235.212	317.6157
	158	234.63371	316.4933
	159	236.59149	316.1224

Effects	Point Control #12	Point #2
	Frame	X pixels	Y pixels
	0	278.07217	391.8118
	1	277.30768	392.41272
	2	276.53537	394.6687
	3	277.63254	392.1817
	4	277.9176	390.2411
	5	278.31674	393.2251
	6	278.95914	393.07162
	7	278.86615	393.2512
	8	278.48456	392.42603
	9	278.80994	393.52686
	10	278.4267	391.12067
	11	278.47882	391.001
	12	278.65857	390.89655
	13	278.9312	390.04663
	14	276.9515	391.73032
	15	277.35605	390.0119
	16	275.9511	391.5065
	17	275.67245	390.7921
	18	274.4014	391.58948
	19	274.00836	392.29993
	20	274.69556	390.50757
	21	277.35645	389.48297
	22	282.16522	389.3355
	23	283.55753	386.6699
	24	284.24084	383.55182
	25	285.1201	381.30002
	26	284.91953	381.96417
	27	283.9512	383.47253
	28	281.00653	385.10077
	29	278.0422	385.3949
	30	274.1026	386.4803
	31	263.31598	390.6095
	32	260.90704	392.63037
	33	258.08365	391.1419
	34	257.8761	392.04486
	35	257.10516	391.92093
	36	256.7989	392.7834
	37	256.43787	395.47757
	38	254.64258	393.3584
	39	254.56216	391.64407
	40	254.2554	391.2967
	41	255.34644	389.4925
	42	255.9094	391.5431
	43	255.00206	391.17133
	44	254.8093	391.60455
	45	255.6186	392.17395
	46	255.54398	392.5734
	47	256.07227	390.2386
	48	254.62097	391.3119
	49	255.83694	391.43164
	50	254.69987	391.22375
	51	256.93896	388.79358
	52	260.72595	388.82953
	53	266.10037	387.74313
	54	277.75458	381.26453
	55	281.85712	374.34717
	56	287.51337	371.03558
	57	290.78635	369.76053
	58	293.4427	368.69806
	59	294.01132	368.6529
	60	291.6811	370.35733
	61	289.17517	373.47473
	62	285.564	378.66766
	63	276.9825	388.24557
	64	271.03305	394.41455
	65	264.01752	396.3045
	66	258.06415	397.1682
	67	256.7477	396.80206
	68	256.4982	397.6831
	69	257.02893	398.6667
	70	256.52777	398.57782
	71	256.61356	397.00793
	72	256.73868	397.36414
	73	257.97797	397.3833
	74	259.60736	396.24185
	75	259.60254	397.37177
	76	259.04065	397.5879
	77	259.15955	396.5495
	78	258.52563	394.86224
	79	258.32562	395.70374
	80	256.9078	396.51117
	81	258.9664	397.96835
	82	257.79495	394.61948
	83	255.69559	392.85757
	84	256.83847	393.5436
	85	258.06488	393.3521
	86	262.01282	390.89642
	87	269.198	386.7442
	88	271.70184	385.38782
	89	273.34894	383.849
	90	276.48532	383.58057
	91	273.9857	381.55444
	92	271.50134	383.28235
	93	268.02206	385.83368
	94	263.5548	391.07172
	95	252.36646	394.53864
	96	246.07132	395.28043
	97	241.3797	395.73212
	98	237.43864	396.14996
	99	235.1127	395.5918
	100	235.10342	397.12665
	101	235.85736	394.92358
	102	236.63419	396.05945
	103	236.86218	395.39716
	104	237.1583	395.69467
	105	237.72226	396.98663
	106	238.30939	396.25208
	107	238.15681	395.40466
	108	238.97693	393.88754
	109	239.64758	393.58514
	110	238.36244	393.3342
	111	239.06888	394.84653
	112	242.25311	394.65125
	113	242.76685	395.3273
	114	244.57971	393.12726
	115	251.56508	395.42328
	116	256.89255	395.0815
	117	264.7841	391.24225
	118	269.8537	389.10974
	119	275.91614	383.40564
	120	274.40958	383.2018
	121	269.84778	382.16248
	122	265.46185	385.58316
	123	257.3887	388.23492
	124	251.64822	393.11652
	125	244.37039	396.8495
	126	235.74152	399.5052
	127	225.85608	402.6122
	128	224.17586	402.16907
	129	223.1766	400.2401
	130	223.93417	400.13873
	131	224.95343	401.48904
	132	226.90973	401.05057
	133	227.36215	400.16168
	134	227.02777	399.59833
	135	227.20844	401.19705
	136	226.90927	400.43082
	137	226.24905	400.22314
	138	226.9208	400.976
	139	226.83617	399.9256
	140	227.24734	400.2802
	141	226.40945	400.5791
	142	226.20012	402.24017
	143	225.41003	401.04742
	144	225.68967	401.65692
	145	225.93764	401.7155
	146	225.90309	401.57703
	147	225.77563	401.3214
	148	225.82538	401.27014
	149	225.32591	401.21774
	150	225.2645	401.24384
	151	224.59488	400.6131
	152	225.58594	400.15085
	153	226.02032	400.5485
	154	227.15771	400.7144
	155	226.87503	400.90683
	156	227.91284	400.6121
	157	228.41241	399.867
	158	227.02359	398.44653
	159	227.81537	398.64877

Effects	Point Control #13	Point #2
	Frame	X pixels	Y pixels
	0	185.79927	207.30475
	1	186.1188	205.23453
	2	188.36902	202.64879
	3	190.8291	199.56378
	4	193.62851	195.35745
	5	195.97746	194.05916
	6	202.4267	193.06363
	7	204.88568	192.83417
	8	206.85587	192.6796
	9	208.44724	194.40105
	10	209.78339	194.47049
	11	210.48193	194.18967
	12	210.86581	194.12274
	13	210.91885	193.31444
	14	208.06924	194.75381
	15	207.00806	195.01797
	16	204.64655	197.40244
	17	202.19917	199.73306
	18	196.33798	206.9562
	19	193.05894	209.86916
	20	189.70297	211.31453
	21	187.17563	211.69952
	22	182.64223	213.34628
	23	181.10501	214.29454
	24	179.22589	214.08464
	25	177.66045	213.2981
	26	175.24167	212.41862
	27	174.23837	212.67004
	28	172.77153	212.09578
	29	172.03763	211.63992
	30	171.4017	209.92542
	31	170.27911	206.64407
	32	172.9025	206.10571
	33	176.08032	205.19217
	34	180.31561	204.51575
	35	186.87671	200.53137
	36	189.56847	198.8014
	37	192.12054	199.02568
	38	196.51242	197.42133
	39	198.33426	196.4022
	40	199.68555	194.86526
	41	201.66379	192.19946
	42	204.42781	190.80875
	43	204.35986	190.1484
	44	203.55786	190.69089
	45	202.79028	192.06482
	46	201.43137	193.92715
	47	198.98065	196.05145
	48	196.28152	197.318
	49	194.52917	199.80644
	50	189.31595	204.91434
	51	186.69995	206.14359
	52	184.91702	208.13397
	53	183.1694	209.85587
	54	180.61908	214.73512
	55	179.34222	215.42001
	56	178.53168	215.80283
	57	178.03154	216.07127
	58	177.87468	216.51842
	59	176.45927	215.502
	60	175.67929	214.2721
	61	175.3225	212.58292
	62	175.24112	211.64719
	63	175.13287	209.0323
	64	175.33011	208.7379
	65	175.69872	207.9289
	66	178.89127	201.87418
	67	181.85239	198.34691
	68	185.11726	196.6969
	69	189.18318	195.39946
	70	192.44626	194.71074
	71	198.37805	191.41724
	72	200.64543	190.62408
	73	202.91074	190.00479
	74	205.8123	188.80258
	75	210.73218	191.25113
	76	211.93997	192.37782
	77	212.57925	192.89597
	78	211.3818	193.0673
	79	209.65411	194.41452
	80	206.7539	196.5943
	81	205.43787	202.31203
	82	204.10822	205.37668
	83	198.91498	207.9708
	84	195.6081	209.34795
	85	192.6416	211.90173
	86	191.97104	213.73425
	87	191.61559	217.67067
	88	189.89694	217.58018
	89	186.89883	216.87752
	90	185.51062	216.55597
	91	180.14793	212.7628
	92	177.76627	210.7548
	93	175.23563	208.66832
	94	172.03041	207.14606
	95	168.94394	205.20322
	96	167.39178	202.54514
	97	167.22311	200.01245
	98	167.17105	197.60687
	99	169.46683	192.8234
	100	171.26006	193.78377
	101	174.06639	192.36438
	102	177.09583	192.21931
	103	183.31683	190.079
	104	186.18164	190.49283
	105	188.90372	192.98468
	106	191.87433	195.03543
	107	196.97757	198.87991
	108	198.65614	199.54166
	109	199.69989	199.8064
	110	198.47903	200.568
	111	193.48361	204.67558
	112	193.16315	208.37329
	113	192.6672	211.75313
	114	191.91176	213.0442
	115	189.99982	214.70653
	116	187.31056	215.81279
	117	185.12119	215.45398
	118	181.81302	215.90753
	119	175.6253	214.43213
	120	172.33704	214.09753
	121	167.78763	212.77328
	122	162.59363	211.94362
	123	156.0404	208.62796
	124	154.41505	208.09358
	125	153.56908	207.78873
	126	152.83086	207.17729
	127	152.67172	207.95729
	128	153.6682	207.94656
	129	154.588	206.32349
	130	155.79236	203.92801
	131	159.10747	200.20215
	132	162.47865	199.00491
	133	165.69246	197.60135
	134	168.35239	196.30878
	135	174.41248	196.70854
	136	176.88037	197.4529
	137	178.52553	197.26971
	138	180.44775	198.3925
	139	183.33478	199.25482
	140	184.9951	199.45352
	141	186.37106	199.62184
	142	187.09317	201.36711
	143	187.19872	202.88812
	144	187.54501	203.68741
	145	187.69717	204.31894
	146	187.97119	204.93878
	147	189.58469	205.72165
	148	189.81754	205.83205
	149	189.62576	205.85034
	150	189.3827	205.94536
	151	189.05704	204.73347
	152	189.10876	204.77689
	153	189.33128	205.16005
	154	190.30856	205.72577
	155	190.79837	207.39655
	156	191.76862	207.72466
	157	193.64587	208.47636
	158	194.17068	207.68561
	159	195.99011	207.74542

Effects	Point Control #14	Point #2
	Frame	X pixels	Y pixels
	0	169.97095	307.94888
	1	170.66032	306.13205
	2	170.9984	303.47778
	3	171.23654	300.02917
	4	170.19987	294.77374
	5	170.7796	293.079
	6	171.95	290.14398
	7	172.94533	289.4062
	8	172.39905	288.3196
	9	172.50511	289.47638
	10	172.14104	288.6917
	11	171.68266	288.04776
	12	171.3088	287.7481
	13	172.09286	287.22327
	14	170.91684	289.9308
	15	172.02975	290.69766
	16	171.55829	294.12787
	17	172.31082	297.5533
	18	172.90753	307.3008
	19	171.15912	311.3231
	20	170.48326	313.43585
	21	170.42477	313.85928
	22	170.83038	315.52734
	23	171.59521	316.67566
	24	170.768	316.6334
	25	170.25058	316.18527
	26	169.50885	316.0912
	27	169.56018	316.45633
	28	168.8672	315.91266
	29	169.07666	315.4937
	30	168.93405	313.62775
	31	169.45572	310.1963
	32	172.48264	309.40787
	33	173.31729	307.88394
	34	173.192	306.81866
	35	166.68301	300.69327
	36	162.51306	297.09824
	37	159.45969	295.53928
	38	155.28487	290.01135
	39	155.7912	288.04147
	40	155.93912	285.7381
	41	157.12292	282.50397
	42	161.22546	281.2563
	43	161.9342	280.8793
	44	162.2271	282.03268
	45	164.56088	284.97302
	46	166.0672	288.24573
	47	172.0147	293.58765
	48	174.5148	296.26627
	49	178.84052	299.94885
	50	180.00058	306.8324
	51	179.20145	308.89838
	52	180.68445	311.53253
	53	182.13971	313.85648
	54	184.46764	318.69223
	55	184.75516	319.02548
	56	184.73595	319.1447
	57	185.2753	319.37402
	58	185.6904	319.75684
	59	183.70865	318.56885
	60	181.64227	317.33954
	61	180.20486	315.87943
	62	179.89713	315.41956
	63	178.06027	312.89832
	64	176.9624	312.17612
	65	175.91393	310.5494
	66	172.53369	304.28308
	67	169.89163	300.10114
	68	165.89021	297.3459
	69	164.0193	294.44498
	70	160.96289	291.80237
	71	158.8923	285.12305
	72	159.5493	283.3955
	73	160.72162	282.18372
	74	163.62228	280.76355
	75	168.03932	283.0441
	76	168.39359	283.7932
	77	169.68335	284.66357
	78	171.44661	286.02792
	79	173.5322	289.0174
	80	175.79436	293.03146
	81	180.67166	300.7333
	82	182.9347	304.4522
	83	181.16245	308.51715
	84	180.39522	310.6667
	85	180.0752	314.3609
	86	181.86261	316.67374
	87	183.60986	320.09
	88	181.4719	320.64722
	89	179.18694	320.3504
	90	179.29416	319.98846
	91	173.89752	315.6733
	92	172.30167	313.35373
	93	169.82256	311.4933
	94	166.14856	309.66446
	95	164.78	306.94226
	96	162.18686	304.3048
	97	161.43729	302.05847
	98	158.66765	299.5225
	99	154.7096	294.90225
	100	150.68785	295.2802
	101	147.06448	292.76068
	102	142.09334	290.3936
	103	140.37721	285.1313
	104	142.68858	285.18085
	105	145.2442	287.72552
	106	152.24338	290.84866
	107	160.80975	296.02185
	108	164.14935	297.2169
	109	166.23201	297.78128
	110	166.8949	299.59717
	111	171.1456	305.7539
	112	177.33084	310.45154
	113	181.06479	313.81668
	114	181.88968	314.87018
	115	181.11102	316.6141
	116	177.28763	318.54083
	117	176.16722	318.62488
	118	171.87497	319.78363
	119	167.52707	318.54102
	120	165.06422	318.71628
	121	161.17712	317.7167
	122	157.61218	317.65396
	123	155.71104	314.39594
	124	154.67749	314.05923
	125	153.56259	313.396
	126	153.09528	312.7694
	127	153.98276	313.50177
	128	154.23143	313.1818
	129	153.39583	311.0557
	130	153.37436	308.7984
	131	153.20375	305.51654
	132	153.46574	304.34882
	133	153.27986	303.1459
	134	152.77989	302.03937
	135	154.1604	302.7522
	136	153.94623	302.992
	137	154.33084	302.5593
	138	154.99564	303.44714
	139	157.90971	303.94293
	140	159.60345	304.40878
	141	161.18753	304.1465
	142	162.4993	306.08243
	143	165.09369	307.17566
	144	166.03018	307.75055
	145	166.71747	308.82965
	146	167.02481	309.3329
	147	167.75317	310.28082
	148	167.82205	310.50284
	149	168.0011	310.33557
	150	168.34578	310.45682
	151	168.75826	310.00638
	152	170.15869	310.28415
	153	170.92056	310.91177
	154	172.1477	311.36987
	155	172.67363	312.95123
	156	173.77435	313.5506
	157	175.90698	314.2642
	158	175.77309	313.313
	159	178.62543	314.08612

Effects	Point Control #15	Point #2
	Frame	X pixels	Y pixels
	0	162.78	392.99057
	1	163.74663	392.16727
	2	164.21246	391.59894
	3	165.54752	391.10184
	4	165.2442	389.7452
	5	163.40147	390.3664
	6	161.9699	385.52884
	7	160.09225	383.01184
	8	158.73405	382.3463
	9	157.74013	382.64355
	10	156.16446	375.83084
	11	155.5031	376.67822
	12	155.09084	378.27487
	13	154.93716	377.26526
	14	154.6836	383.64844
	15	157.20004	385.2641
	16	157.79588	388.96198
	17	159.54788	389.511
	18	160.6405	391.9979
	19	159.94704	392.3935
	20	159.64659	389.8656
	21	160.22812	388.56128
	22	160.67603	389.31445
	23	161.24878	388.8268
	24	160.74828	387.37363
	25	161.47433	386.73236
	26	161.22636	386.46603
	27	161.99252	387.09448
	28	161.20987	386.4348
	29	161.50372	386.63275
	30	161.56319	384.85724
	31	162.53308	384.49286
	32	165.01619	385.2052
	33	165.85141	384.2342
	34	167.09288	385.32465
	35	165.15054	384.5189
	36	163.23697	385.8125
	37	160.92664	386.2849
	38	155.33626	377.09442
	39	153.54547	370.47382
	40	151.27231	365.6673
	41	151.29774	362.96362
	42	150.70341	366.863
	43	150.63858	371.84763
	44	152.30994	378.9456
	45	155.29178	384.6558
	46	158.42294	388.68457
	47	165.02982	396.24847
	48	167.2026	396.39807
	49	170.22244	398.37097
	50	169.43683	398.0055
	51	168.95805	397.61597
	52	169.67682	398.36578
	53	169.61026	398.12408
	54	169.83635	399.052
	55	169.37828	396.94513
	56	169.65839	396.19162
	57	169.77968	395.9115
	58	169.44197	395.91486
	59	168.77713	394.40503
	60	168.96248	394.18018
	61	169.81686	393.92065
	62	170.32886	394.11148
	63	170.90834	392.44604
	64	170.43213	392.4243
	65	170.51761	392.5703
	66	171.9943	391.71753
	67	171.45354	391.07837
	68	169.58646	393.19562
	69	168.70267	391.9621
	70	165.88326	389.49548
	71	160.82048	382.28363
	72	158.17467	381.86572
	73	156.25087	378.69916
	74	155.9222	373.5249
	75	154.58559	375.7873
	76	154.97932	378.4162
	77	156.42236	380.153
	78	160.95682	386.91266
	79	164.82309	392.87326
	80	167.41977	395.13406
	81	171.69568	399.58365
	82	173.08841	396.13007
	83	171.92812	395.9961
	84	171.76927	395.528
	85	171.6351	397.24857
	86	173.54323	396.865
	87	174.27719	396.1537
	88	172.21844	394.69183
	89	171.02739	393.59656
	90	171.97365	394.08435
	91	170.36624	393.3653
	92	170.29848	393.12662
	93	169.5691	393.05798
	94	168.9526	394.995
	95	170.42372	395.95868
	96	169.86864	393.80066
	97	171.14943	394.2105
	98	170.61446	394.28848
	99	167.82208	392.00916
	100	165.00243	391.9405
	101	161.8756	384.72388
	102	157.68411	381.78943
	103	149.25102	368.20007
	104	147.65518	359.96625
	105	147.44058	358.14142
	106	135.37697	372.25635
	107	133.29724	382.6276
	108	135.65085	384.49445
	109	140.47421	386.1407
	110	144.59035	387.23367
	111	159.8524	396.52725
	112	168.9606	399.26178
	113	171.87991	398.55237
	114	172.59045	397.81015
	115	171.70935	398.6057
	116	169.5332	399.6996
	117	169.87114	399.32553
	118	168.59346	401.92288
	119	167.53157	399.38214
	120	166.54755	400.21686
	121	164.9896	398.7049
	122	163.6673	400.09875
	123	165.9716	399.8672
	124	166.90439	401.82495
	125	167.38023	401.37006
	126	167.32867	401.2368
	127	168.37263	402.2537
	128	169.54834	402.56064
	129	169.36188	400.4848
	130	170.05539	400.46222
	131	171.0188	400.76038
	132	172.52669	400.87946
	133	172.98311	399.97308
	134	171.70961	398.71674
	135	171.4581	399.58795
	136	171.7714	399.87726
	137	171.67296	399.66232
	138	172.77652	401.20087
	139	172.63812	399.35248
	140	173.01878	400.48608
	141	173.25546	399.52124
	142	173.04178	400.83197
	143	172.58469	399.28503
	144	172.89899	399.43512
	145	172.6948	399.8698
	146	172.9068	399.71625
	147	173.84778	400.6046
	148	173.38876	400.5462
	149	173.11124	400.02484
	150	173.3091	399.4507
	151	172.96478	399.3998
	152	173.20026	399.49164
	153	173.77078	400.6739
	154	174.80945	401.394
	155	173.94775	401.52234
	156	174.94164	401.98788
	157	175.29036	401.54004
	158	173.82225	399.74112
	159	173.16516	400.37787


End of Keyframe Data
