Adobe After Effects 8.0 Keyframe Data

	Units Per Second	24
	Source Width	640
	Source Height	480
	Source Pixel Aspect Ratio	1
	Comp Pixel Aspect Ratio	1

Effects	Puppet #2	arap #3	Mesh	Mesh #1	Deform	Pin #1	Position
	Frame	X pixels	Y pixels
	0	314.57858	47.88698
	1	317.27582	47.432983
	2	319.92874	47.240173
	3	322.63373	46.91716
	4	327.45306	47.501617
	5	329.61856	47.60205
	6	331.979	46.79988
	7	333.95026	47.20706
	8	337.68985	45.64441
	9	338.77307	46.124664
	10	339.65665	46.966415
	11	340.60437	47.05899
	12	341.22644	46.416122
	13	341.2823	46.621246
	14	341.50854	46.601334
	15	341.45276	46.664444
	16	341.41788	45.74901
	17	341.62128	45.31842
	18	341.34244	45.1149
	19	341.0463	45.04564
	20	339.64886	44.40497
	21	338.67853	43.708878
	22	338.16663	42.683853
	23	336.72714	42.451843
	24	332.9807	41.672943
	25	330.9745	43.006607
	26	328.8698	43.445786
	27	327.25793	43.95616
	28	322.74634	43.531403
	29	320.2265	44.647766
	30	318.06317	43.581985
	31	316.4193	44.82338
	32	312.67172	46.138565
	33	310.83487	46.01941
	34	309.56772	46.331436
	35	308.07883	46.956406
	36	305.56802	47.664566
	37	304.86948	48.17079
	38	303.64044	47.6248
	39	302.9119	48.32556
	40	301.97827	48.489944
	41	301.1916	47.83467
	42	299.69104	46.71115
	43	298.93658	46.946304
	44	297.7821	46.05043
	45	296.8563	47.074234
	46	296.118	47.50212
	47	295.7383	47.733
	48	294.66135	47.75981
	49	294.01822	47.71791
	50	293.42297	48.337265
	51	292.75656	47.740677
	52	291.56406	47.706528
	53	291.47067	47.433456
	54	291.22464	48.19162
	55	290.89496	47.93062
	56	290.99146	47.943497
	57	291.39838	48.21779
	58	291.5273	47.887695
	59	291.18796	47.28003
	60	290.37857	47.79605
	61	289.81802	48.143433
	62	289.60278	48.512543
	63	288.85138	48.65036
	64	288.33865	48.36061
	65	287.89557	48.623596
	66	287.93503	48.46495
	67	288.10587	48.98845
	68	288.44153	49.111786
	69	288.43866	48.95381
	70	288.7035	48.31122
	71	289.26215	47.560394
	72	290.2134	47.30902
	73	290.00815	47.80455
	74	290.24988	48.009247
	75	290.2753	48.593246
	76	290.48935	47.890594
	77	290.6801	47.903534
	78	291.2133	47.692123
	79	291.53165	47.78775
	80	291.56628	47.972137
	81	291.85297	48.85428
	82	292.4404	49.274734
	83	292.43573	49.160675
	84	292.25684	49.294006
	85	292.1588	49.11548
	86	291.65228	48.544785
	87	291.83035	49.675735
	88	292.6313	50.2536
	89	292.97662	50.0215
	90	293.5652	49.54399
	91	293.81387	49.424744
	92	295.09323	49.13037
	93	295.55817	48.521225
	94	295.75592	48.72699
	95	296.17035	48.31079
	96	295.77222	48.17134
	97	295.79184	47.625
	98	295.66583	48.70256
	99	295.70255	48.691025
	100	295.8967	48.209305
	101	296.23993	48.214233
	102	296.4216	47.655624
	103	296.41138	47.985016
	104	296.9443	47.83989
	105	297.73584	47.782745
	106	298.35492	47.928802
	107	298.81625	47.9991
	108	299.06693	47.560257
	109	299.2656	47.485504
	110	298.8608	47.833298
	111	298.86337	48.53743
	112	298.9013	48.504776
	113	299.06155	48.11818
	114	299.3775	48.03044
	115	299.50006	48.424698
	116	299.28848	48.449127
	117	298.45398	48.641327
	118	297.53546	47.907516
	119	297.00113	47.743835
	120	295.8232	48.075928
	121	295.23422	48.22879
	122	294.77457	48.418365
	123	294.11053	49.04619
	124	292.80762	49.11998
	125	292.57227	48.623596
	126	292.26453	48.801376
	127	292.06903	48.674744
	128	291.52606	48.21219
	129	291.59113	48.18518
	130	291.27307	47.78984
	131	291.31482	47.555145
	132	291.00537	48.312134
	133	291.09546	48.389694
	134	290.66592	48.334366
	135	290.91705	48.107132
	136	291.07898	49.263947
	137	290.5844	49.634384
	138	290.92847	49.87448
	139	290.89767	50.049606
	140	290.93323	49.96768
	141	290.7828	49.473633
	142	290.57077	48.749893
	143	289.8591	48.387817
	144	289.11096	48.221786
	145	288.55807	48.090485
	146	287.89764	47.775436
	147	287.42377	47.732834
	148	286.2426	47.842316
	149	285.89966	47.818146
	150	285.48718	46.98465
	151	284.9336	46.958084

Effects	Puppet #2	arap #3	Mesh	Mesh #1	Deform	Pin #2	Position
	Frame	X pixels	Y pixels
	0	318.49118	110.01529
	1	321.18097	109.62457
	2	323.66425	108.94461
	3	325.9416	108.282715
	4	330.85095	108.64601
	5	332.94196	108.51036
	6	334.9336	108.30817
	7	336.9538	108.88608
	8	340.00543	107.73558
	9	341.10074	108.06729
	10	342.1587	109.66844
	11	343.09625	110.017456
	12	343.93832	109.72441
	13	344.10416	110.36177
	14	344.0725	110.00018
	15	344.1325	110.30646
	16	343.97424	109.02446
	17	343.87454	108.40718
	18	343.6939	107.76376
	19	343.49472	107.40932
	20	342.08948	107.31497
	21	341.24692	108.0974
	22	340.5584	106.53537
	23	338.99414	105.91763
	24	335.3334	105.20538
	25	333.22037	106.28691
	26	331.2001	106.81685
	27	329.41025	107.14859
	28	324.67056	107.67708
	29	322.26752	108.50458
	30	320.30847	108.37079
	31	318.1841	109.7267
	32	314.1847	111.21518
	33	312.25256	110.927704
	34	310.47708	110.99414
	35	308.88	111.32248
	36	306.26788	111.54393
	37	305.42935	111.98297
	38	304.49698	111.959595
	39	303.7167	112.67469
	40	302.53622	112.876114
	41	301.87357	112.41131
	42	300.71832	111.44606
	43	299.8588	111.44826
	44	298.76913	111.05557
	45	297.96356	111.95134
	46	297.39758	111.96466
	47	296.98782	112.03213
	48	296.06274	111.62149
	49	295.57846	111.40921
	50	295.1011	111.69696
	51	294.60303	111.79782
	52	293.3905	111.97922
	53	293.22495	111.82774
	54	292.91803	112.4161
	55	292.5315	112.06078
	56	292.07623	111.69356
	57	292.27997	111.62685
	58	292.09918	111.30321
	59	291.9582	110.99655
	60	291.52756	110.798584
	61	290.71826	110.67644
	62	290.55075	110.97859
	63	289.9593	111.10414
	64	290.06293	111.364685
	65	290.1179	111.355286
	66	290.11783	110.54567
	67	290.4156	111.63023
	68	289.92865	112.03583
	69	289.89194	111.74315
	70	290.2229	111.36363
	71	290.50748	110.6351
	72	290.90683	109.90396
	73	291.0048	110.332275
	74	291.34198	110.88115
	75	291.6282	111.460495
	76	291.78775	110.652374
	77	291.8636	110.294754
	78	292.1524	110.059006
	79	292.4248	110.29549
	80	292.6332	109.9189
	81	292.9733	110.37366
	82	293.26685	111.36702
	83	293.19678	111.75319
	84	293.42847	111.6828
	85	293.4714	111.52585
	86	293.13434	110.70215
	87	293.48273	111.5959
	88	294.08325	111.90108
	89	294.3336	111.812195
	90	294.6379	111.58458
	91	294.9001	111.32735
	92	296.01273	111.71977
	93	296.38608	111.333466
	94	296.72705	111.36842
	95	297.15164	111.1835
	96	297.4632	111.45337
	97	297.53262	111.35249
	98	297.62097	112.02276
	99	297.7413	112.20514
	100	297.78925	112.15811
	101	297.93655	112.181335
	102	297.86902	111.85458
	103	297.7477	111.97444
	104	297.82193	111.47987
	105	298.1107	111.32944
	106	298.46765	111.15137
	107	298.71634	111.132965
	108	298.72128	110.8817
	109	298.6852	110.95627
	110	298.3325	111.18103
	111	298.01172	111.68608
	112	297.21213	112.50509
	113	297.11008	112.338684
	114	297.11908	112.422775
	115	297.10928	112.63443
	116	296.8255	112.5172
	117	296.4135	112.67842
	118	296.0503	111.580414
	119	295.71982	111.186264
	120	295.08832	111.043106
	121	294.76932	111.18681
	122	294.59442	111.102036
	123	294.3584	111.407486
	124	293.7391	111.43451
	125	293.6785	110.567535
	126	293.57123	110.18616
	127	293.44614	109.81787
	128	292.71072	109.90085
	129	292.50726	110.25813
	130	292.05267	110.185074
	131	291.9312	110.67128
	132	291.66742	111.15802
	133	291.85147	111.35405
	134	291.80377	111.44977
	135	291.97476	111.44141
	136	292.12433	112.27623
	137	291.52625	112.62129
	138	291.47736	112.782814
	139	290.95456	112.80516
	140	290.6377	112.92356
	141	290.64725	112.78279
	142	290.49545	112.151344
	143	290.06818	112.08299
	144	289.96744	111.92903
	145	289.28293	112.06052
	146	288.73193	111.85246
	147	288.46313	112.01139
	148	287.7299	111.25528
	149	287.48187	111.646545
	150	287.3551	110.9725
	151	287.19553	110.802414

Effects	Puppet #2	arap #3	Mesh	Mesh #1	Deform	Pin #3	Position
	Frame	X pixels	Y pixels
	0	322.15915	172.5549
	1	324.7326	172.36642
	2	327.29312	171.27963
	3	329.49994	170.39725
	4	334.42447	170.966
	5	336.57242	170.85367
	6	338.31946	170.83502
	7	340.36087	171.59943
	8	342.85916	170.58925
	9	343.82837	170.93347
	10	344.71124	173.0233
	11	345.7544	173.423
	12	346.60693	173.37952
	13	346.78424	174.16742
	14	346.7155	173.6329
	15	346.70282	174.0592
	16	346.5011	172.38947
	17	345.9952	171.74193
	18	345.7187	170.85211
	19	345.7077	170.37468
	20	344.42502	170.41885
	21	343.6989	171.71658
	22	342.83105	169.81091
	23	340.99127	169.01392
	24	337.21265	168.21048
	25	335.0284	169.26369
	26	333.0856	169.80078
	27	331.2674	170.19382
	28	326.1231	171.0123
	29	323.8416	171.73619
	30	322.11462	171.79294
	31	319.68048	173.34785
	32	315.52063	174.90521
	33	313.25345	174.46786
	34	311.11877	174.43604
	35	309.33392	174.7135
	36	306.84042	174.67004
	37	306.06155	175.1995
	38	305.31006	175.21144
	39	304.58456	175.97736
	40	303.20593	176.19724
	41	302.6049	175.68936
	42	301.57333	174.71024
	43	300.7693	174.72852
	44	299.70978	174.54822
	45	298.96158	175.54224
	46	298.66354	175.40149
	47	298.38806	175.43535
	48	297.59277	174.94485
	49	297.16528	174.71997
	50	296.7908	174.97684
	51	296.46817	175.11694
	52	295.2454	175.29851
	53	295.09793	175.16597
	54	294.83298	175.72174
	55	294.50897	175.18524
	56	293.75928	174.4036
	57	293.688	174.24237
	58	293.30765	173.83813
	59	293.08014	173.52065
	60	292.45758	173.03532
	61	291.52417	172.79126
	62	291.0902	173.053
	63	290.616	173.22107
	64	291.4327	173.93579
	65	291.90326	173.91365
	66	292.03458	172.84875
	67	292.386	174.28519
	68	291.62555	174.83595
	69	291.38007	174.3894
	70	291.70142	174.13197
	71	291.9567	173.2077
	72	292.05746	172.28162
	73	292.43903	172.5925
	74	292.87042	173.2471
	75	293.41965	173.87842
	76	293.76773	172.90967
	77	293.76593	172.42215
	78	293.92352	172.1225
	79	294.12677	172.35919
	80	294.33594	171.73123
	81	294.70758	172.06708
	82	294.6982	173.27966
	83	294.56906	173.76071
	84	295.05115	173.41226
	85	295.25055	173.23209
	86	295.0818	172.3284
	87	295.52344	173.27393
	88	295.9199	173.59476
	89	296.18695	173.47958
	90	296.28333	173.28279
	91	296.50732	172.9895
	92	297.43793	173.7427
	93	297.79788	173.37585
	94	298.18433	173.42725
	95	298.67798	173.23895
	96	299.3276	173.72144
	97	299.6008	173.74765
	98	300.00363	174.51465
	99	300.2398	174.72884
	100	300.10764	174.73468
	101	300.10815	174.7714
	102	299.90482	174.4367
	103	299.74866	174.53427
	104	299.1909	173.85155
	105	299.11642	173.52617
	106	299.19116	173.3209
	107	299.23718	173.28595
	108	298.86554	173.02455
	109	298.6771	173.3086
	110	298.554	173.40671
	111	297.99115	173.89313
	112	296.44977	175.1581
	113	295.95493	174.96484
	114	295.6841	175.039
	115	295.52722	175.28452
	116	295.1571	175.21036
	117	295.12607	175.47156
	118	295.29947	174.16086
	119	295.21234	173.65253
	120	295.08762	173.33728
	121	295.0081	173.46396
	122	294.98044	173.3802
	123	295.14758	173.67554
	124	294.9983	173.80812
	125	294.94952	172.71909
	126	294.97507	172.2063
	127	294.98785	171.8457
	128	294.37805	172.16145
	129	293.9496	172.64003
	130	293.5925	172.52904
	131	293.50903	173.18057
	132	293.17953	173.51794
	133	293.5138	173.66669
	134	293.66013	173.65778
	135	293.76694	173.63797
	136	293.7645	174.52579
	137	292.96103	174.83246
	138	292.4801	175.0063
	139	291.5397	175.00961
	140	290.69293	175.39917
	141	290.70813	175.37794
	142	290.61752	174.75229
	143	290.46625	174.84927
	144	291.23853	174.58986
	145	290.44028	174.85814
	146	289.85614	174.52896
	147	289.78967	174.83417
	148	289.57465	173.7012
	149	289.5638	174.32571
	150	289.67972	173.57358
	151	289.80545	173.25372

Effects	Puppet #2	arap #3	Mesh	Mesh #1	Deform	Pin #4	Position
	Frame	X pixels	Y pixels
	0	376.60645	103.481995
	1	379.41644	103.215485
	2	381.85498	102.30861
	3	384.14423	101.660065
	4	389.30505	102.44736
	5	391.4659	102.521255
	6	393.57208	102.8215
	7	395.6607	103.96738
	8	398.77612	103.69133
	9	399.89105	104.34616
	10	401.07755	106.37648
	11	402.0158	106.80168
	12	402.8777	106.71968
	13	403.07315	107.43222
	14	402.98203	107.16135
	15	403.05878	107.570465
	16	402.76422	106.43669
	17	402.6337	106.22894
	18	402.39862	105.67592
	19	402.1378	105.19919
	20	400.68494	105.11006
	21	399.9273	105.81392
	22	399.073	104.50862
	23	397.42834	104.17981
	24	393.60352	103.68771
	25	391.42676	104.95885
	26	389.32495	105.5403
	27	387.43585	106.0383
	28	382.6499	106.92612
	29	380.1897	107.63318
	30	378.1742	107.34833
	31	376.03174	109.01457
	32	372.0099	110.68672
	33	369.978	110.79668
	34	368.1645	111.20152
	35	366.5518	111.71657
	36	363.85147	111.8331
	37	363.02283	112.23831
	38	362.11707	111.96161
	39	361.3333	112.69386
	40	360.1605	113.03359
	41	359.4878	112.50578
	42	358.3504	111.35716
	43	357.5144	111.25119
	44	356.49878	110.820114
	45	355.7593	111.5802
	46	355.13605	111.42093
	47	354.70096	111.4185
	48	353.74365	110.90227
	49	353.26544	110.61301
	50	352.79443	110.78146
	51	352.31116	110.72122
	52	351.06207	110.94948
	53	350.87708	110.799484
	54	350.55603	111.38078
	55	350.11838	110.92944
	56	349.41425	111.23442
	57	349.51706	111.60808
	58	349.281	111.583435
	59	349.1185	111.411804
	60	348.67438	111.37065
	61	347.91547	111.164
	62	347.87628	111.37343
	63	347.37228	111.18811
	64	347.62482	110.705444
	65	347.70877	110.26834
	66	347.62405	109.44121
	67	348.0155	110.55115
	68	347.63492	110.973785
	69	347.587	110.79683
	70	347.91367	110.49434
	71	348.1231	109.87363
	72	348.36163	109.55171
	73	348.36383	109.91417
	74	348.64987	110.54393
	75	348.79053	111.26926
	76	348.65088	110.81967
	77	348.50745	110.88661
	78	348.59918	111.06436
	79	348.74893	111.561935
	80	348.57053	111.68637
	81	348.7824	112.26123
	82	349.0719	113.50888
	83	349.01727	113.89435
	84	349.14642	113.729706
	85	349.16873	113.45207
	86	348.78503	112.49491
	87	349.10785	113.376686
	88	349.6292	113.99329
	89	349.91214	113.87597
	90	350.22113	113.8148
	91	350.52295	113.53886
	92	351.9115	113.72621
	93	352.41864	113.15426
	94	352.8695	113.035545
	95	353.4284	112.637535
	96	353.97113	112.34875
	97	354.12665	111.96623
	98	354.3023	112.24597
	99	354.47604	112.23295
	100	354.55585	112.21182
	101	354.65448	112.36826
	102	354.50098	112.238785
	103	354.1988	112.67576
	104	353.99786	113.10867
	105	354.23303	113.35343
	106	354.5075	113.547264
	107	354.66864	113.84419
	108	354.6442	114.01394
	109	354.57565	114.27984
	110	354.15472	114.41963
	111	353.67578	115.32772
	112	352.90454	116.61277
	113	352.71606	116.81208
	114	352.61185	117.209656
	115	352.5853	117.517815
	116	352.2746	117.438896
	117	351.93634	117.18561
	118	351.45752	115.77653
	119	351.05243	115.272644
	120	350.315	114.88373
	121	349.95978	114.90821
	122	349.73483	114.76648
	123	349.48242	114.757416
	124	348.92004	114.231544
	125	348.75452	113.51439
	126	348.56757	113.13286
	127	348.40274	112.700935
	128	347.80624	112.51161
	129	347.66656	113.00332
	130	347.25644	112.86167
	131	347.27985	113.15796
	132	347.2434	113.56967
	133	347.43903	113.673294
	134	347.4204	113.60624
	135	347.63608	113.59494
	136	347.89117	114.42763
	137	347.5445	114.56836
	138	347.6183	114.93235
	139	347.26105	115.075165
	140	347.1643	115.439064
	141	347.2791	115.22606
	142	347.19333	114.46614
	143	346.8457	114.092606
	144	346.61807	113.4294
	145	346.1118	113.410255
	146	345.63077	113.092064
	147	345.45596	112.99763
	148	344.74118	111.63667
	149	344.5676	111.77469
	150	344.39755	110.94281
	151	344.2184	110.52698

Effects	Puppet #2	arap #3	Mesh	Mesh #1	Deform	Pin #5	Position
	Frame	X pixels	Y pixels
	0	448.04135	169.82523
	1	451.35602	166.97057
	2	455.92786	163.85721
	3	461.06696	159.8989
	4	470.9831	155.24701
	5	475.24005	153.7698
	6	477.94287	151.16031
	7	480.86304	149.7524
	8	485.44238	146.75327
	9	486.7199	145.89392
	10	487.2038	145.16669
	11	487.70483	145.27518
	12	489.6159	145.30527
	13	490.06924	145.21854
	14	491.13574	145.427
	15	491.2813	145.57968
	16	492.1372	146.14499
	17	492.26495	146.68814
	18	491.42645	147.25664
	19	491.7064	146.66415
	20	489.84625	145.02264
	21	488.90576	143.43292
	22	486.6051	142.06613
	23	484.9661	140.36755
	24	483.41876	138.47299
	25	481.01385	137.90573
	26	479.40445	137.44565
	27	477.1385	137.14743
	28	471.51678	138.39993
	29	468.91754	139.2315
	30	466.1701	140.6196
	31	465.061	142.37735
	32	461.3219	144.0767
	33	459.64117	144.37622
	34	458.5526	144.99478
	35	457.2085	146.77783
	36	452.61072	147.38628
	37	451.14264	147.43835
	38	450.7509	147.53261
	39	449.7558	147.3385
	40	448.18787	147.51332
	41	447.92834	147.39296
	42	447.69843	147.16496
	43	446.41788	146.02881
	44	443.28192	144.91724
	45	442.3551	144.61691
	46	441.68036	144.51764
	47	441.33704	144.17493
	48	439.95172	144.0704
	49	439.24048	144.28186
	50	438.9483	144.34712
	51	433.89355	146.7549
	52	426.64343	150.51047
	53	425.12494	152.25313
	54	421.59845	155.01572
	55	415.67865	158.78781
	56	409.2923	164.97568
	57	405.81555	168.3534
	58	405.84518	171.67847
	59	402.14532	173.96921
	60	401.5561	185.46036
	61	396.14215	191.12598
	62	388.79327	195.4768
	63	383.85773	201.44885
	64	376.05475	211.12772
	65	373.66	211.12134
	66	373.3517	208.76195
	67	374.9508	205.97205
	68	385.7041	201.2734
	69	393.13232	196.38264
	70	400.49728	189.48404
	71	408.76422	182.15128
	72	419.61703	163.73248
	73	421.6931	156.72614
	74	423.01154	148.77359
	75	424.0479	141.9776
	76	421.1938	130.02827
	77	417.6264	138.10498
	78	416.34485	136.3807
	79	415.74646	140.8895
	80	414.9478	140.79428
	81	414.79437	136.25793
	82	414.9746	140.66498
	83	414.57675	136.86504
	84	414.48578	137.00143
	85	414.37872	137.7956
	86	414.67358	137.79773
	87	414.61798	137.1775
	88	419.66373	128.69888
	89	426.05048	121.85264
	90	430.48517	120.31693
	91	433.39297	123.28733
	92	437.8977	136.7814
	93	438.0966	147.62885
	94	434.46057	158.22159
	95	427.15417	169.39519
	96	409.16812	190.17001
	97	401.80353	197.77188
	98	396.5125	203.47176
	99	394.07953	206.21466
	100	398.53275	203.80489
	101	403.63824	198.85434
	102	409.178	193.26143
	103	412.49374	188.15611
	104	417.96417	179.0961
	105	419.00507	177.51395
	106	419.26935	176.84828
	107	416.7774	179.85867
	108	409.11035	185.7303
	109	405.27972	187.30719
	110	402.04108	186.1651
	111	402.1106	184.19359
	112	408.13715	173.73238
	113	411.40692	166.9311
	114	414.76047	159.44397
	115	416.9088	151.19421
	116	417.64136	136.711
	117	415.79846	141.62466
	118	416.1179	136.93411
	119	416.3412	137.81448
	120	415.02936	132.966
	121	414.93137	131.77893
	122	414.6431	130.90897
	123	414.94086	126.513275
	124	418.60913	110.48334
	125	419.9652	103.99666
	126	421.57382	99.505005
	127	421.83612	97.125824
	128	422.22906	96.77074
	129	422.58612	100.58792
	130	422.98813	105.6154
	131	422.16183	116.08732
	132	409.7069	148.72108
	133	398.83826	163.8069
	134	389.1272	176.07994
	135	380.03998	183.01724
	136	377.24338	190.44215
	137	376.4432	205.7808
	138	375.34644	209.9724
	139	372.8624	210.68079
	140	370.43854	213.21237
	141	368.32318	213.0614
	142	366.65497	212.4112
	143	365.6872	211.93198
	144	365.2619	209.01874
	145	365.87152	204.41243
	146	366.19583	202.2562
	147	366.4259	200.41425
	148	366.06168	197.82951
	149	365.97424	197.9682
	150	366.05576	200.57303
	151	365.37082	201.864

Effects	Puppet #2	arap #3	Mesh	Mesh #1	Deform	Pin #6	Position
	Frame	X pixels	Y pixels
	0	543.1408	206.88571
	1	545.53186	205.43137
	2	550.00867	202.52438
	3	554.61456	198.7634
	4	564.1192	191.00772
	5	569.688	184.73878
	6	572.5811	178.71288
	7	575.77405	174.26749
	8	578.593	169.17337
	9	579.10706	168.23776
	10	579.37305	167.48949
	11	579.2965	166.73306
	12	579.7224	166.16476
	13	579.29816	166.11641
	14	579.2598	166.06145
	15	578.9099	166.08968
	16	579.09644	165.8085
	17	579.23395	165.33089
	18	578.67456	165.32623
	19	579.1455	165.62419
	20	577.2748	160.74391
	21	577.25916	158.15839
	22	574.88293	155.4739
	23	572.2173	151.69733
	24	570.0062	147.51047
	25	567.6485	145.13255
	26	565.8893	143.76067
	27	564.06335	144.44217
	28	557.2852	147.3948
	29	553.6314	149.14531
	30	550.83936	149.54782
	31	549.6834	153.87866
	32	545.34796	158.05428
	33	543.33405	158.90433
	34	542.08093	159.29602
	35	541.2036	159.30135
	36	536.8279	161.74983
	37	534.98474	162.80832
	38	533.914	163.37149
	39	532.07965	162.37323
	40	530.2383	161.33017
	41	529.7915	161.11775
	42	529.5471	160.77135
	43	527.9669	160.45966
	44	525.38617	160.62079
	45	524.71045	160.7531
	46	524.67267	159.53189
	47	524.77765	158.08331
	48	525.00244	157.61206
	49	525.7582	153.78473
	50	527.1014	146.12354
	51	521.7001	134.75969
	52	507.71326	112.06805
	53	501.0354	102.131714
	54	492.84772	97.589905
	55	485.5287	102.70445
	56	480.24774	124.63481
	57	479.55994	144.49696
	58	479.75952	168.7972
	59	470.27686	194.21825
	60	450.77795	247.77849
	61	438.30347	263.46027
	62	427.76703	271.8311
	63	418.09357	281.63687
	64	402.0285	297.91284
	65	399.015	299.89426
	66	400.7141	298.46948
	67	408.2307	294.42755
	68	437.01602	281.48608
	69	454.9098	267.87357
	70	471.9314	250.90213
	71	490.20746	229.59793
	72	512.0713	177.204
	73	513.07935	146.81653
	74	508.73346	117.72252
	75	498.48987	90.84277
	76	466.99548	52.49295
	77	445.50702	54.00232
	78	429.17426	49.04384
	79	416.07996	52.707382
	80	402.42813	52.459824
	81	401.63022	47.47769
	82	406.48584	51.228943
	83	410.8286	46.854675
	84	420.1939	46.80066
	85	419.5902	47.413773
	86	419.0304	47.28163
	87	423.1098	46.860397
	88	444.6949	41.941833
	89	465.0354	40.825394
	90	483.93234	49.17543
	91	499.7657	64.36478
	92	523.1405	111.28627
	93	528.3188	137.85999
	94	525.54236	166.08475
	95	516.25116	192.28732
	96	488.72095	239.13843
	97	471.57092	259.56268
	98	458.125	273.79346
	99	449.80627	280.90552
	100	457.83856	273.4916
	101	468.73215	260.42554
	102	480.09955	245.42459
	103	489.58527	227.4255
	104	504.39642	195.98854
	105	508.53632	187.36829
	106	509.9773	187.7772
	107	507.91418	192.70908
	108	500.57214	197.90291
	109	496.85596	195.84923
	110	492.91125	191.90747
	111	492.53546	183.01146
	112	494.23077	151.07687
	113	491.74066	131.08078
	114	485.65594	109.023575
	115	476.5464	88.25911
	116	449.07025	56.222748
	117	433.3996	57.226227
	118	422.4402	50.63655
	119	414.66324	51.02426
	120	414.15723	45.502625
	121	420.1577	44.848907
	122	427.65802	45.182022
	123	436.52066	42.787903
	124	457.67908	33.47888
	125	466.77527	31.524427
	126	473.89886	30.729492
	127	477.27722	30.351072
	128	478.41455	28.185287
	129	476.08295	28.270157
	130	473.96207	29.690063
	131	469.97504	37.826477
	132	451.8551	73.86536
	133	444.57422	104.547485
	134	419.86432	146.77487
	135	419.29742	180.89622
	136	418.33148	212.72409
	137	415.71057	271.48203
	138	412.84906	286.31857
	139	407.10913	292.70502
	140	401.09766	300.80704
	141	398.1371	301.4487
	142	395.22	301.7954
	143	393.3104	301.86038
	144	390.84265	298.53772
	145	388.70193	293.878
	146	387.1487	291.87842
	147	386.42212	289.97736
	148	386.12567	286.9586
	149	385.89398	286.5522
	150	384.987	288.99216
	151	384.23477	289.52283

Effects	Puppet #2	arap #3	Mesh	Mesh #1	Deform	Pin #7	Position
	Frame	X pixels	Y pixels
	0	261.99283	116.36682
	1	264.6037	115.85117
	2	267.1509	115.38932
	3	269.41635	114.71449
	4	273.92874	114.68224
	5	275.8451	114.353424
	6	277.62155	113.67071
	7	279.3235	113.71458
	8	282.15698	111.71637
	9	283.13763	111.73605
	10	283.95966	112.920166
	11	284.81635	113.198326
	12	285.53067	112.702
	13	285.62363	113.26706
	14	285.6186	112.81706
	15	285.64188	113.02221
	16	285.5591	111.59573
	17	285.4639	110.572495
	18	285.3355	109.839294
	19	285.1731	109.60736
	20	283.74142	109.510574
	21	282.7825	110.37245
	22	282.20642	108.5565
	23	280.69077	107.651566
	24	277.10284	106.722015
	25	274.9721	107.61592
	26	272.9522	108.096085
	27	271.16675	108.26306
	28	266.41776	108.431595
	29	264.06375	109.3802
	30	262.10226	109.39925
	31	259.94614	110.4436
	32	255.9119	111.74774
	33	254.01251	111.05989
	34	252.25601	110.784836
	35	250.65381	110.92461
	36	248.12137	111.25192
	37	247.25092	111.72504
	38	246.33853	111.95758
	39	245.51395	112.65534
	40	244.33841	112.71707
	41	243.68866	112.3159
	42	242.55418	111.53578
	43	241.70012	111.647064
	44	240.53384	111.293076
	45	239.70648	112.32543
	46	239.15518	112.51314
	47	238.7384	112.65144
	48	237.8357	112.34754
	49	237.35861	112.21275
	50	236.8878	112.62071
	51	236.3743	112.884125
	52	235.1674	113.018814
	53	235.0101	112.86601
	54	234.69566	113.46191
	55	234.38391	113.20313
	56	233.94789	112.15903
	57	234.14835	111.645905
	58	233.9592	111.01828
	59	233.80815	110.57411
	60	233.41144	110.21678
	61	232.65201	110.18146
	62	232.5246	110.57895
	63	231.94556	111.01929
	64	231.95865	112.030136
	65	232.01613	112.45188
	66	232.04935	111.66092
	67	232.21391	112.72061
	68	231.73825	113.10678
	69	231.74808	112.69683
	70	232.05252	112.240135
	71	232.37082	111.40349
	72	232.86105	110.25984
	73	232.9584	110.7554
	74	233.25928	111.222916
	75	233.48743	111.655
	76	233.67758	110.481415
	77	233.79608	109.688034
	78	234.13199	109.02562
	79	234.42111	108.99127
	80	234.78552	108.09108
	81	235.19342	108.41943
	82	235.45444	109.1481
	83	235.37363	109.5352
	84	235.69205	109.56175
	85	235.75095	109.52966
	86	235.46176	108.84424
	87	235.79382	109.74902
	88	236.40894	109.7287
	89	236.64517	109.670074
	90	236.95013	109.26993
	91	237.21033	109.033676
	92	238.18616	109.64412
	93	238.53397	109.45355
	94	238.83171	109.64923
	95	239.21414	109.686554
	96	239.41382	110.53357
	97	239.43848	110.72252
	98	239.4893	111.79387
	99	239.60376	112.17662
	100	239.68158	112.10313
	101	239.86868	111.98996
	102	239.83923	111.46092
	103	239.73734	111.25374
	104	239.90482	109.8006
	105	240.23834	109.242325
	106	240.61877	108.67813
	107	240.88652	108.33075
	108	240.87976	107.642
	109	240.80344	107.5143
	110	240.47949	107.824615
	111	240.20886	107.90451
	112	239.34644	108.23712
	113	239.30841	107.68866
	114	239.37872	107.44202
	115	239.38452	107.5531
	116	239.12247	107.39545
	117	238.65741	107.989944
	118	238.37527	107.21257
	119	238.089	106.930176
	120	237.50024	107.03827
	121	237.17578	107.30339
	122	237.0116	107.2753
	123	236.7734	107.907974
	124	236.13223	108.51451
	125	236.14935	107.489426
	126	236.09346	107.10651
	127	235.97794	106.80307
	128	235.1307	107.17235
	129	234.86734	107.389496
	130	234.37685	107.38861
	131	234.15912	108.075745
	132	233.79776	108.646835
	133	233.96832	108.939026
	134	233.91571	109.205215
	135	234.07834	109.201385
	136	234.1838	110.040985
	137	233.54144	110.605865
	138	233.46326	110.561554
	139	232.90906	110.46504
	140	232.45827	110.3345
	141	232.3916	110.269455
	142	232.2196	109.772125
	143	231.72595	110.018005
	144	231.62668	110.383896
	145	230.88254	110.67345
	146	230.35185	110.58058
	147	230.01569	110.99997
	148	229.37973	110.86493
	149	229.0586	111.51541
	150	228.95319	111.002914
	151	228.82309	111.08438

Effects	Puppet #2	arap #3	Mesh	Mesh #1	Deform	Pin #8	Position
	Frame	X pixels	Y pixels
	0	215.86194	193.11421
	1	216.51666	189.28336
	2	214.49457	185.75737
	3	212.70828	181.83545
	4	207.67429	175.2363
	5	205.39615	172.19716
	6	204.73068	169.86792
	7	203.80438	167.66745
	8	202.6251	165.3486
	9	202.66516	164.31555
	10	202.79756	163.92365
	11	203.01523	163.73181
	12	203.37	163.39432
	13	203.47769	163.38663
	14	202.10767	163.77206
	15	202.46014	163.51567
	16	202.54788	164.49945
	17	203.6651	164.43402
	18	202.70624	165.07812
	19	200.91672	164.97728
	20	199.9013	163.23035
	21	198.6478	160.99527
	22	196.0068	159.17743
	23	193.34918	157.22635
	24	189.17361	152.1531
	25	187.28946	150.1708
	26	184.56232	149.47702
	27	182.72458	149.30872
	28	179.4302	148.55212
	29	178.37073	148.3118
	30	176.38536	148.5605
	31	174.01031	149.10922
	32	171.33269	149.94318
	33	170.5556	150.02228
	34	169.12277	150.35934
	35	167.66147	150.67618
	36	164.88022	151.57022
	37	163.60281	152.42023
	38	162.43768	152.95251
	39	161.4732	153.61757
	40	157.4027	155.08363
	41	155.90086	155.49028
	42	155.02704	155.6171
	43	154.1421	155.83011
	44	153.4126	156.02255
	45	153.16301	156.98938
	46	154.66446	157.53885
	47	154.06105	158.71397
	48	151.67624	161.01509
	49	153.55182	162.4566
	50	155.92717	164.55809
	51	160.64926	167.21805
	52	169.28854	171.42096
	53	173.33229	173.43211
	54	177.01262	175.12738
	55	176.75673	176.29361
	56	176.87082	179.03882
	57	177.25615	180.52762
	58	178.59108	183.91414
	59	179.14711	187.44835
	60	186.41055	196.72653
	61	191.67303	202.0431
	62	197.65753	207.42542
	63	202.73358	211.50494
	64	211.0499	216.45772
	65	213.21634	218.43462
	66	213.22043	218.05919
	67	209.8797	217.37984
	68	200.28949	210.25952
	69	194.35217	205.72607
	70	187.4834	200.09018
	71	181.27219	193.66452
	72	172.06436	179.14928
	73	169.65192	171.46454
	74	166.61095	163.28427
	75	162.88995	155.33652
	76	160.32167	144.21677
	77	160.14978	141.37872
	78	160.23221	138.70502
	79	159.04228	134.37563
	80	158.03758	131.02963
	81	157.74544	130.39502
	82	157.92372	130.39487
	83	157.71056	130.29285
	84	157.35509	129.96036
	85	157.94482	126.633125
	86	157.88844	124.38528
	87	158.22266	123.44794
	88	159.61368	120.380615
	89	160.55246	119.175735
	90	153.94296	115.76529
	91	147.70375	115.73396
	92	147.06952	130.55957
	93	150.26677	141.69081
	94	155.0244	153.25941
	95	162.00987	164.93889
	96	177.12262	184.56854
	97	182.64328	192.29137
	98	187.5689	197.69437
	99	189.598	201.02335
	100	187.47684	197.76953
	101	183.80457	193.40173
	102	178.5335	188.58427
	103	173.89282	184.2313
	104	168.6217	180.43927
	105	169.36124	179.77435
	106	172.50832	180.45746
	107	176.79236	182.8431
	108	182.35187	186.7194
	109	183.88599	187.08655
	110	181.5082	186.57394
	111	178.3948	183.20137
	112	171.03482	170.91484
	113	167.54178	162.83177
	114	163.70685	154.70114
	115	161.32597	147.01666
	116	158.43979	135.49666
	117	160.9578	135.64203
	118	161.50139	132.8898
	119	162.02628	131.02634
	120	161.57549	127.901245
	121	162.1597	127.08203
	122	161.10872	123.60669
	123	159.08232	119.37555
	124	155.52042	106.96442
	125	153.58841	99.242676
	126	152.40263	93.017105
	127	151.83113	88.87096
	128	151.09277	88.262634
	129	150.23215	91.7184
	130	149.73682	98.423416
	131	150.23047	108.65033
	132	157.3211	138.03099
	133	164.90982	153.76799
	134	175.0582	166.04117
	135	184.84998	175.47911
	136	191.32288	183.28099
	137	196.65219	196.52809
	138	197.21179	202.60333
	139	199.8309	206.28705
	140	202.86343	211.72119
	141	203.79172	212.61012
	142	203.48215	213.70645
	143	201.42062	213.34903
	144	197.26668	210.37662
	145	196.00746	209.34099
	146	193.32236	207.15474
	147	191.26117	205.57692
	148	187.1058	200.98448
	149	184.90373	198.69624
	150	184.18637	197.06625
	151	183.37366	195.42563

Effects	Puppet #2	arap #3	Mesh	Mesh #1	Deform	Pin #9	Position
	Frame	X pixels	Y pixels
	0	127.78517	231.56572
	1	127.8678	224.95546
	2	125.19165	220.74826
	3	122.98457	215.11957
	4	118.666855	206.45312
	5	117.406586	203.95456
	6	117.92769	201.80527
	7	118.353806	200.25891
	8	119.3306	198.8603
	9	119.7776	197.71272
	10	120.00865	196.19849
	11	120.14192	195.50912
	12	120.75908	194.68503
	13	120.71953	194.42946
	14	118.91316	195.03429
	15	119.37427	194.80203
	16	119.475845	197.10059
	17	119.73903	195.96799
	18	118.19098	197.85895
	19	116.07364	199.63583
	20	113.90459	197.74802
	21	112.76305	195.33762
	22	108.826904	191.02695
	23	104.5948	186.87534
	24	97.89795	178.15005
	25	95.11394	174.81381
	26	90.88808	172.22147
	27	87.84274	171.00977
	28	83.74783	170.18146
	29	82.83038	170.7056
	30	80.42099	172.61182
	31	77.86685	174.10376
	32	75.09308	176.32951
	33	74.5004	176.7338
	34	73.78163	179.20192
	35	72.86333	180.97507
	36	71.12462	182.80086
	37	70.17949	183.13559
	38	69.405685	183.43004
	39	68.91489	183.58769
	40	64.32132	186.21295
	41	62.78116	186.71065
	42	61.74411	187.17805
	43	60.994476	187.44739
	44	59.413574	185.51305
	45	58.55182	185.03201
	46	59.394745	183.8013
	47	57.67514	182.4469
	48	54.04431	178.84557
	49	54.30838	172.94836
	50	55.907196	162.02356
	51	62.107025	149.0311
	52	78.69328	126.734634
	53	85.84462	121.6013
	54	88.66162	124.087
	55	85.03482	131.12753
	56	76.47716	161.00497
	57	75.439514	181.18785
	58	78.56029	203.03198
	59	84.93518	224.33676
	60	111.633575	261.74103
	61	126.48166	277.0172
	62	141.28947	288.91055
	63	154.51039	298.40625
	64	173.8825	309.1677
	65	178.04282	312.49734
	66	175.63052	311.4677
	67	169.43149	310.02704
	68	144.06406	292.71246
	69	127.00943	278.88712
	70	109.93666	262.4868
	71	93.35925	240.54669
	72	72.57956	183.47766
	73	72.09367	150.9151
	74	75.765915	120.646805
	75	84.52132	92.76108
	76	111.68974	56.594437
	77	127.590195	47.409622
	78	141.27844	41.226868
	79	152.4833	35.413544
	80	161.65193	31.012741
	81	159.5735	29.592026
	82	157.0912	28.976334
	83	156.95142	28.58966
	84	160.98717	28.369888
	85	161.1861	24.63649
	86	158.41078	21.791397
	87	149.9833	20.517822
	88	123.35141	21.970673
	89	107.36954	28.103577
	90	87.21776	30.986725
	91	66.381775	42.196518
	92	47.48123	88.5307
	93	47.079407	116.23993
	94	51.036102	145.69675
	95	60.60724	175.63712
	96	88.90022	229.53082
	97	100.80525	249.70027
	98	110.4285	263.35544
	99	113.201645	269.62228
	100	104.03383	258.93933
	101	94.69588	245.73068
	102	83.65166	229.95233
	103	74.18573	213.981
	104	64.73129	191.82309
	105	65.468216	188.76514
	106	69.617294	191.10815
	107	74.84346	195.22394
	108	82.41142	207.86809
	109	84.25134	210.19322
	110	80.64421	206.78287
	111	75.66489	196.82736
	112	66.53786	158.60083
	113	65.26196	134.04501
	114	66.900986	108.13225
	115	73.443756	84.25131
	116	99.2281	46.8714
	117	114.74013	40.348846
	118	127.23137	32.833054
	119	135.8104	28.333466
	120	134.53856	23.81845
	121	129.24213	24.108505
	122	122.84	21.487045
	123	118.00391	17.358734
	124	103.02222	7.573761
	125	93.08798	2.7505493
	126	84.532135	0.07885742
	127	78.98515	-1.331665
	128	77.191864	-1.7155304
	129	80.485	-0.96224976
	130	85.879364	2.8101044
	131	92.38069	11.2035675
	132	107.688065	44.845383
	133	113.36156	69.723434
	134	117.93887	103.769455
	135	125.25192	145.03336
	136	129.8397	185.24753
	137	139.01247	251.09511
	138	143.2806	274.1445
	139	146.69365	287.36728
	140	151.74289	299.98364
	141	151.8438	300.85696
	142	148.38829	300.6038
	143	143.48769	298.748
	144	130.08878	288.24176
	145	122.335846	280.91724
	146	113.93448	272.63354
	147	104.88925	263.26813
	148	89.47958	239.23137
	149	83.24864	225.79681
	150	79.68935	213.74947
	151	77.05133	203.9128

Effects	Puppet #2	arap #3	Mesh	Mesh #1	Deform	Pin #10	Position
	Frame	X pixels	Y pixels
	0	358.4625	234.85033
	1	360.91852	234.87529
	2	363.6767	233.49031
	3	365.89697	232.52052
	4	370.98325	233.42865
	5	373.24792	233.39923
	6	374.76904	233.71786
	7	376.86157	234.76834
	8	378.77335	234.21327
	9	379.64667	234.71776
	10	380.2985	237.25282
	11	381.45367	237.68787
	12	382.24945	237.79265
	13	382.41858	238.67586
	14	382.33936	238.09691
	15	382.2208	238.61652
	16	382.02237	236.8042
	17	381.08008	236.33784
	18	380.74905	235.38222
	19	380.93042	234.74399
	20	379.69327	234.77487
	21	378.95233	236.20218
	22	377.8935	234.20082
	23	375.77386	233.44778
	24	371.77386	232.5848
	25	369.50323	233.69116
	26	367.58783	234.18552
	27	365.64868	234.58981
	28	359.9217	235.59717
	29	357.75885	236.18965
	30	356.13354	236.10933
	31	353.287	237.83582
	32	348.93207	239.48187
	33	346.3169	239.14954
	34	343.8285	239.25725
	35	341.86835	239.6191
	36	339.52545	239.3939
	37	338.78522	239.92374
	38	338.2074	239.81789
	39	337.5323	240.59904
	40	335.94348	240.90111
	41	335.4092	240.33557
	42	334.50485	239.2542
	43	333.76096	239.2348
	44	332.70114	239.10689
	45	332.021	240.10957
	46	332.02716	239.80235
	47	331.8897	239.76642
	48	331.2303	239.16835
	49	330.86615	238.90244
	50	330.61536	239.10034
	51	330.4676	239.16689
	52	329.202	239.32697
	53	329.04333	239.16988
	54	328.8338	239.7093
	55	328.59576	239.04805
	56	327.56314	238.32306
	57	327.1896	238.29715
	58	326.60638	237.98996
	59	326.28326	237.72104
	60	325.56186	237.24849
	61	324.56165	236.97502
	62	323.9449	237.31813
	63	323.62442	237.41377
	64	325.1169	237.95187
	65	326.04053	237.72026
	66	326.33823	236.48747
	67	326.71014	238.10713
	68	325.6817	238.82584
	69	325.26617	238.40996
	70	325.52545	238.20215
	71	325.76703	237.2131
	72	325.4968	236.30743
	73	326.15778	236.45848
	74	326.62326	237.13293
	75	327.36035	237.72588
	76	327.768	236.64777
	77	327.60205	236.19429
	78	327.52716	235.96667
	79	327.59332	236.27191
	80	327.65094	235.5976
	81	328.0106	235.89151
	82	327.63318	237.32779
	83	327.41895	237.84264
	84	328.177	237.29637
	85	328.52472	237.02179
	86	328.50104	235.96162
	87	329.02563	236.92458
	88	329.18036	237.40465
	89	329.49762	237.29022
	90	329.37494	237.20274
	91	329.59137	236.91013
	92	330.39093	237.83537
	93	330.80115	237.44807
	94	331.3	237.49644
	95	331.9511	237.282
	96	333.02386	237.66896
	97	333.51303	237.62498
	98	334.2605	238.26471
	99	334.6312	238.41594
	100	334.29166	238.46107
	101	334.09042	238.53091
	102	333.6853	238.22925
	103	333.41058	238.37976
	104	332.11563	237.99498
	105	331.70343	237.82523
	106	331.46118	237.78212
	107	331.26773	237.88019
	108	330.51678	237.85095
	109	330.10278	238.28326
	110	330.21924	238.26523
	111	329.34106	238.90054
	112	326.91003	240.52176
	113	325.96198	240.46437
	114	325.34174	240.64424
	115	325.00674	240.93118
	116	324.5039	240.84546
	117	324.86142	240.91815
	118	325.5627	239.30504
	119	325.71	238.66232
	120	326.10074	238.11647
	121	326.25943	238.16174
	122	326.35492	238.01959
	123	326.92416	238.12425
	124	327.21613	237.95674
	125	327.1859	236.835
	126	327.33862	236.24092
	127	327.46436	235.82025
	128	326.98846	236.10378
	129	326.34396	236.73456
	130	326.1356	236.60648
	131	326.12885	237.27553
	132	325.94406	237.69452
	133	326.46564	237.80055
	134	326.8651	237.69302
	135	326.93567	237.69632
	136	326.83295	238.67534
	137	325.9634	238.99736
	138	325.11075	239.37344
	139	323.84598	239.54985
	140	322.51917	240.3034
	141	322.58044	240.35013
	142	322.58682	239.69229
	143	322.71225	239.70044
	144	324.35175	239.04095
	145	323.49176	239.37784
	146	322.94733	239.0064
	147	323.10266	239.27078
	148	323.53284	237.70615
	149	323.7348	238.29892
	150	324.09164	237.39314
	151	324.54614	236.8786

Effects	Puppet #2	arap #3	Mesh	Mesh #1	Deform	Pin #11	Position
	Frame	X pixels	Y pixels
	0	373.51407	379.26065
	1	375.12897	379.6098
	2	376.51813	378.17572
	3	378.12067	377.42816
	4	381.96182	378.52582
	5	383.34406	378.69406
	6	383.46155	379.1987
	7	384.35736	380.38556
	8	383.47363	380.05005
	9	384.13663	380.61017
	10	383.57486	383.02954
	11	384.67017	383.47272
	12	383.5276	383.1664
	13	383.96405	384.12244
	14	383.336	383.85376
	15	383.26596	384.38327
	16	381.9358	382.8178
	17	380.617	382.11047
	18	381.2356	381.43024
	19	381.56763	380.5794
	20	379.17752	380.34674
	21	378.05386	381.35645
	22	376.534	379.4901
	23	373.3975	378.9239
	24	370.83075	377.5147
	25	369.11658	378.59897
	26	368.46613	378.71564
	27	367.34125	378.88702
	28	363.5632	379.2068
	29	363.61575	379.604
	30	363.17456	378.87842
	31	361.0827	380.44995
	32	361.4351	381.99127
	33	359.41443	381.76794
	34	358.35034	381.94165
	35	358.3493	382.23553
	36	359.56683	381.84094
	37	359.7657	382.20673
	38	360.02313	381.93332
	39	359.1131	382.78665
	40	360.2376	382.64365
	41	360.50616	381.94702
	42	360.63495	380.61774
	43	360.7165	380.4452
	44	361.03333	379.80957
	45	360.64465	380.81403
	46	361.52054	380.52576
	47	361.43152	380.547
	48	360.4984	380.0511
	49	359.5539	379.93488
	50	359.80072	380.12448
	51	359.82074	380.1576
	52	359.42102	379.9911
	53	359.79132	379.581
	54	360.29663	379.99445
	55	360.6147	379.24658
	56	360.0628	378.3274
	57	360.17297	378.1067
	58	359.6784	377.78534
	59	359.23633	377.5766
	60	359.41876	377.337
	61	358.58914	377.17902
	62	358.37567	377.68
	63	358.27698	377.79883
	64	359.8291	377.7794
	65	359.5196	377.7978
	66	358.76428	376.6634
	67	359.02774	378.1834
	68	357.50818	378.79407
	69	358.179	378.2063
	70	359.67175	377.32904
	71	359.80118	376.65088
	72	359.93506	375.52023
	73	361.0396	375.672
	74	360.3	376.27365
	75	361.36346	376.72803
	76	360.49292	375.8945
	77	360.50958	375.30255
	78	360.4016	374.86224
	79	360.51642	375.10834
	80	360.40454	374.185
	81	360.65607	374.4682
	82	359.0535	376.0567
	83	358.92987	376.4044
	84	359.31012	376.0971
	85	358.98828	375.92242
	86	358.59372	374.72287
	87	357.5058	376.04535
	88	356.26254	376.7895
	89	355.86993	376.79752
	90	355.60175	376.47162
	91	356.3537	376.13184
	92	357.89645	376.9515
	93	358.80008	376.67334
	94	359.2519	377.0121
	95	360.25723	376.77264
	96	359.57666	377.586
	97	359.87732	377.74487
	98	360.30118	378.56732
	99	359.7508	379.00552
	100	358.83447	379.10455
	101	358.89255	378.96295
	102	357.54065	378.54437
	103	356.75946	378.6698
	104	355.32172	378.27194
	105	354.81464	378.25116
	106	354.95142	378.06433
	107	354.92377	378.0432
	108	353.85522	377.95667
	109	353.58643	378.2077
	110	354.08954	378.2755
	111	352.2779	378.93604
	112	351.33734	380.00955
	113	352.30353	379.43134
	114	352.39758	379.3116
	115	352.5984	379.38177
	116	353.37772	378.75873
	117	354.27496	378.6502
	118	354.85522	377.014
	119	354.50256	376.43726
	120	355.60513	375.89435
	121	355.6219	376.04407
	122	355.8542	375.8204
	123	355.9056	376.05
	124	353.93262	375.91718
	125	353.0575	374.91238
	126	352.68478	374.48553
	127	351.82074	374.21545
	128	351.37256	374.4058
	129	351.34296	375.0042
	130	351.7769	374.94092
	131	352.10065	375.69424
	132	352.17242	376.7904
	133	353.0382	377.02573
	134	353.27722	377.14423
	135	352.6079	377.34106
	136	352.95685	378.41724
	137	352.37097	378.8963
	138	352.0572	379.3437
	139	351.12646	379.70267
	140	351.58875	380.35016
	141	352.55194	380.3678
	142	352.139	379.84027
	143	352.1551	379.83212
	144	353.72388	379.18604
	145	351.13025	379.97076
	146	351.8484	379.47498
	147	352.8205	379.54028
	148	353.94482	378.0686
	149	354.03308	378.52783
	150	353.86438	377.68896
	151	353.21225	377.55432

Effects	Puppet #2	arap #3	Mesh	Mesh #1	Deform	Pin #12	Position
	Frame	X pixels	Y pixels
	0	386.21973	484.37268
	1	387.56647	482.6338
	2	390.1667	483.94708
	3	389.0573	482.53778
	4	390.1674	483.38315
	5	390.64722	482.71487
	6	390.55518	482.41168
	7	391.47733	482.46198
	8	390.1686	481.17175
	9	390.44806	482.27664
	10	389.93506	483.6731
	11	390.7155	484.98163
	12	389.68164	486.43695
	13	389.56476	487.6132
	14	390.42877	487.1591
	15	389.95477	487.18573
	16	389.937	485.6408
	17	388.17316	485.45862
	18	387.95346	485.1535
	19	388.7774	484.8583
	20	386.5865	484.68173
	21	386.0697	485.0865
	22	385.61597	482.8478
	23	384.34045	481.2929
	24	383.3478	481.1289
	25	383.11816	483.9214
	26	382.43835	484.93353
	27	381.55365	484.35632
	28	379.66284	484.8651
	29	380.6811	487.16016
	30	380.54578	485.99048
	31	378.76917	487.30334
	32	379.73495	489.18698
	33	378.81708	488.62585
	34	379.1248	488.5243
	35	379.83365	488.78934
	36	381.14337	488.23236
	37	380.87857	488.7914
	38	381.26904	488.96106
	39	382.9959	490.63135
	40	384.1938	491.0053
	41	385.0746	490.26556
	42	384.69843	489.77216
	43	385.71313	490.07104
	44	385.7298	490.79236
	45	385.59393	492.3863
	46	385.02448	491.8704
	47	383.60294	491.336
	48	383.12842	491.02954
	49	383.50946	490.8713
	50	383.56622	491.96484
	51	383.6118	491.44232
	52	382.59824	491.52393
	53	383.57715	491.984
	54	383.18362	491.78485
	55	383.9233	491.75446
	56	383.55066	489.52692
	57	383.9162	489.64166
	58	383.69574	489.78647
	59	383.68146	490.54297
	60	382.781	491.10913
	61	381.9473	489.67593
	62	382.7934	490.6774
	63	383.0299	489.14102
	64	384.36615	488.74078
	65	384.0427	489.13995
	66	383.68835	487.94678
	67	382.5198	488.10535
	68	383.02597	487.8811
	69	383.14618	487.40604
	70	383.17072	486.16293
	71	383.46936	484.73666
	72	382.31778	482.97397
	73	382.62344	483.5977
	74	383.54468	484.88538
	75	384.20184	485.9514
	76	385.32477	485.46976
	77	384.30627	484.7798
	78	384.62378	484.86707
	79	384.6214	485.53705
	80	384.4395	484.81555
	81	385.11	485.65533
	82	384.79648	487.51947
	83	385.2392	486.6776
	84	385.10614	486.64157
	85	384.73047	486.29175
	86	383.44946	484.9728
	87	384.0315	486.16046
	88	383.01965	485.71603
	89	382.7084	486.0514
	90	382.03772	485.95
	91	383.23633	484.72537
	92	382.62952	485.1384
	93	381.34415	484.2188
	94	380.9766	484.32254
	95	380.63873	485.5244
	96	380.83057	485.70786
	97	380.97968	485.7166
	98	381.4952	487.0034
	99	381.67346	487.35095
	100	381.3523	486.9975
	101	380.85233	487.2447
	102	381.4701	487.2999
	103	381.6734	487.77673
	104	379.94043	487.26007
	105	380.8568	486.6492
	106	379.71622	486.3949
	107	378.48755	487.24652
	108	379.47064	487.74878
	109	378.75244	487.98587
	110	379.89838	488.48712
	111	379.6371	488.57013
	112	378.2381	488.24014
	113	378.80396	488.1165
	114	378.49426	488.06253
	115	379.20526	488.4271
	116	379.4843	489.47943
	117	379.91534	489.85498
	118	380.20374	488.5333
	119	379.3913	488.16193
	120	379.6447	487.3276
	121	379.1883	487.53754
	122	378.14062	487.1266
	123	377.80304	488.16644
	124	376.71695	487.4242
	125	376.1684	485.85416
	126	375.163	486.22998
	127	375.34918	485.95746
	128	374.13763	485.16656
	129	373.82373	485.77893
	130	374.24646	485.56955
	131	374.8595	487.19336
	132	375.79523	488.34137
	133	376.87314	488.55527
	134	376.8568	488.64774
	135	377.2555	488.60486
	136	376.0287	490.44925
	137	376.43372	489.6991
	138	376.49377	490.29517
	139	376.61462	489.97495
	140	376.62958	491.7878
	141	376.3612	491.1736
	142	376.7934	491.19205
	143	375.58673	490.4639
	144	376.04095	490.586
	145	374.76813	491.542
	146	374.81747	491.8449
	147	375.45282	491.3286
	148	375.09515	489.91824
	149	374.9356	490.63785
	150	376.38492	489.77167
	151	376.70416	489.39624

Effects	Puppet #2	arap #3	Mesh	Mesh #1	Deform	Pin #13	Position
	Frame	X pixels	Y pixels
	0	293.9823	240.06592
	1	296.43198	239.8898
	2	298.99448	238.7583
	3	301.05978	237.79085
	4	305.8056	238.42204
	5	307.9237	238.29991
	6	309.34552	238.18504
	7	311.2922	238.92247
	8	313.16788	237.58464
	9	313.9432	237.85179
	10	314.63803	240.03104
	11	315.76187	240.48212
	12	316.6443	240.48045
	13	316.83316	241.33092
	14	316.6974	240.69734
	15	316.6275	241.12413
	16	316.33212	239.23245
	17	315.41275	238.34184
	18	315.00098	237.29295
	19	315.1844	236.82478
	20	314.0786	236.93832
	21	313.57144	238.48009
	22	312.51904	236.26453
	23	310.38516	235.23105
	24	306.55322	234.23471
	25	304.28403	235.23088
	26	302.44708	235.768
	27	300.65637	236.10219
	28	295.22906	236.77179
	29	293.07886	237.50958
	30	291.69836	237.66667
	31	289.01776	239.10652
	32	284.705	240.6186
	33	282.0821	239.92773
	34	279.5605	239.68224
	35	277.56003	239.86142
	36	275.15872	239.76341
	37	274.45615	240.35823
	38	273.9161	240.47777
	39	273.23758	241.29855
	40	271.666	241.43065
	41	271.12582	240.93181
	42	270.23264	240.00726
	43	269.49088	240.07266
	44	268.48932	239.9893
	45	267.80286	241.08807
	46	267.73984	241.02673
	47	267.59253	241.10884
	48	266.92615	240.64119
	49	266.55615	240.44475
	50	266.27466	240.76044
	51	266.13574	241.00685
	52	264.92365	241.15233
	53	264.819	241.0065
	54	264.58	241.58145
	55	264.31134	241.00027
	56	263.18048	239.81143
	57	262.81366	239.41971
	58	262.20605	238.8544
	59	261.88562	238.47203
	60	260.97607	237.79642
	61	259.88513	237.49472
	62	259.13492	237.7356
	63	258.78204	238.05951
	64	260.41232	239.36105
	65	261.30066	239.57178
	66	261.52917	238.42525
	67	261.949	240.06186
	68	260.9245	240.61415
	69	260.4333	240.02646
	70	260.7828	239.76842
	71	260.98245	238.71126
	72	260.81555	237.43184
	73	261.477	237.77686
	74	262.03876	238.46748
	75	262.87836	239.1476
	76	263.47397	237.99635
	77	263.42218	237.28079
	78	263.4936	236.76996
	79	263.65707	236.91049
	80	263.94968	235.95172
	81	264.38193	236.18309
	82	264.09753	237.37949
	83	263.93094	237.89131
	84	264.65488	237.46796
	85	265.02878	237.33664
	86	265.06436	236.4261
	87	265.603	237.45624
	88	265.7983	237.66267
	89	266.057	237.55675
	90	265.94202	237.27338
	91	266.10693	236.95421
	92	266.8301	237.94539
	93	267.14575	237.63445
	94	267.53558	237.77419
	95	268.04474	237.6867
	96	269.0053	238.56052
	97	269.49347	238.78445
	98	270.21454	239.8044
	99	270.56906	240.11725
	100	270.28754	240.05565
	101	270.18146	239.98601
	102	269.88315	239.52104
	103	269.72363	239.51476
	104	268.54767	238.30663
	105	268.061	237.69774
	106	267.8513	237.3056
	107	267.69672	237.13031
	108	266.91272	236.67238
	109	266.61447	236.98329
	110	266.71237	237.10666
	111	265.9306	237.41777
	112	263.75027	238.57008
	113	262.89545	238.12778
	114	262.38483	238.01872
	115	262.10672	238.20096
	116	261.6958	238.08261
	117	262.06815	238.6018
	118	262.79755	237.37602
	119	262.96362	236.89159
	120	263.34207	236.69629
	121	263.50378	236.92761
	122	263.64404	236.89958
	123	264.23334	237.38448
	124	264.6192	237.80392
	125	264.57004	236.54158
	126	264.7346	235.9806
	127	264.90897	235.67067
	128	264.42853	236.23268
	129	263.7535	236.70746
	130	263.45206	236.64413
	131	263.38297	237.46936
	132	262.81888	237.80487
	133	263.27655	238.01714
	134	263.58057	238.06209
	135	263.6028	238.02289
	136	263.40585	238.92804
	137	262.30963	239.22243
	138	261.337	239.25203
	139	259.89963	239.12436
	140	258.46515	239.49684
	141	258.45557	239.59074
	142	258.40842	239.02155
	143	258.55463	239.36075
	144	260.2219	239.4302
	145	259.28632	239.79163
	146	258.62418	239.43185
	147	258.76	239.95032
	148	259.0147	238.92508
	149	259.27536	239.8022
	150	259.64642	239.10187
	151	260.04257	238.85374

Effects	Puppet #2	arap #3	Mesh	Mesh #1	Deform	Pin #14	Position
	Frame	X pixels	Y pixels
	0	300.19666	382.97623
	1	302.72928	382.83472
	2	304.0643	382.32123
	3	305.26767	381.34888
	4	308.26337	382.5331
	5	308.15204	382.68878
	6	307.9883	382.5758
	7	308.88577	383.4414
	8	308.47595	382.0559
	9	309.85635	382.64642
	10	308.71637	384.5597
	11	308.6812	384.963
	12	308.7791	384.49744
	13	307.7053	385.49542
	14	306.55313	385.034
	15	305.69937	385.30023
	16	305.8185	383.76227
	17	305.18002	382.68137
	18	305.70898	382.0265
	19	306.43933	381.62164
	20	304.8283	381.11893
	21	303.5664	382.19678
	22	302.21564	380.20972
	23	299.94925	379.24298
	24	297.96735	377.73853
	25	296.30643	378.85608
	26	295.07437	379.33905
	27	293.68546	379.37787
	28	288.76965	379.48285
	29	287.7285	380.32602
	30	287.66116	379.88623
	31	286.52866	381.30396
	32	284.01874	382.6299
	33	281.4623	382.04837
	34	279.99515	381.88446
	35	280.16946	381.96426
	36	279.87286	381.76456
	37	279.46384	382.15378
	38	279.49585	382.03973
	39	279.1989	383.0551
	40	279.0972	383.146
	41	279.08862	382.63354
	42	278.5529	381.5804
	43	278.5352	381.53058
	44	279.0203	381.3088
	45	278.75977	382.3136
	46	279.8944	382.4171
	47	279.8446	382.3246
	48	279.02347	381.77112
	49	277.75482	381.57288
	50	277.99146	382.00903
	51	279.13318	382.1258
	52	278.71533	382.10083
	53	279.10892	381.9879
	54	277.74832	382.78107
	55	277.32867	382.31836
	56	277.17734	381.38177
	57	277.4063	380.84723
	58	276.568	380.35446
	59	277.24988	379.9194
	60	277.97064	379.40125
	61	277.67578	378.92728
	62	278.44354	379.14032
	63	279.05255	379.1944
	64	280.24118	380.4063
	65	279.5159	381.00372
	66	278.59726	380.05182
	67	278.88736	381.41797
	68	278.8257	381.5633
	69	278.9443	381.2343
	70	280.05664	380.65417
	71	280.12247	379.9906
	72	280.0271	378.46722
	73	280.422	379.08905
	74	279.6264	379.48676
	75	280.20288	380.38812
	76	278.2224	379.63208
	77	277.76566	378.80936
	78	277.44016	378.38983
	79	277.90454	378.54547
	80	277.7618	377.64062
	81	277.84576	377.69318
	82	277.0479	378.56104
	83	277.48972	379.0189
	84	278.13937	378.79608
	85	277.89148	378.86548
	86	279.56244	377.83295
	87	279.43875	378.929
	88	278.84116	379.19412
	89	279.35406	378.8058
	90	279.57544	378.4943
	91	280.1606	378.23474
	92	281.1201	379.36246
	93	280.72928	379.0838
	94	281.1858	379.41595
	95	281.62607	379.48993
	96	281.2756	380.27637
	97	280.37415	380.49017
	98	280.3693	381.56528
	99	279.15207	382.0089
	100	279.04132	381.3922
	101	277.75204	381.58417
	102	276.92645	381.1601
	103	277.35248	381.44534
	104	275.68338	380.24945
	105	275.9807	379.851
	106	275.69308	379.02625
	107	276.08606	379.05054
	108	275.30725	378.63388
	109	275.3091	378.7385
	110	275.06857	379.02295
	111	274.41226	379.10745
	112	273.6106	379.4867
	113	274.0619	378.64008
	114	274.3921	378.66336
	115	274.89703	378.91718
	116	275.62198	378.74597
	117	276.39938	379.40054
	118	276.9829	378.44836
	119	276.33597	377.89465
	120	276.31198	378.03833
	121	276.1638	378.20105
	122	275.98703	377.80386
	123	276.36328	378.54688
	124	275.79364	378.75482
	125	275.07922	377.7433
	126	275.3837	377.36722
	127	275.5683	377.0252
	128	274.44348	377.64133
	129	274.6318	378.25388
	130	275.40717	378.21252
	131	275.81152	378.9323
	132	275.3368	379.44196
	133	275.8977	379.7663
	134	275.615	380.00613
	135	274.9995	379.7431
	136	274.846	380.91772
	137	274.7506	381.02258
	138	274.6176	381.12894
	139	274.17587	380.67932
	140	273.97287	381.03394
	141	274.47284	381.2329
	142	274.94324	380.56915
	143	275.6788	380.64594
	144	277.37967	380.97397
	145	274.71222	381.37222
	146	274.93457	381.18106
	147	275.90842	381.71484
	148	276.19846	380.72302
	149	276.14172	381.45972
	150	275.77832	380.86218
	151	276.14563	380.8277

Effects	Puppet #2	arap #3	Mesh	Mesh #1	Deform	Pin #15	Position
	Frame	X pixels	Y pixels
	0	295.86765	480.5012
	1	295.4545	480.23535
	2	296.18124	480.361
	3	296.19586	479.23322
	4	297.88904	479.43155
	5	298.75647	478.96655
	6	298.0365	478.3431
	7	299.5378	480.20215
	8	297.78223	479.0489
	9	296.50497	479.44598
	10	298.66083	481.18665
	11	298.74033	482.27966
	12	295.7418	483.75064
	13	297.03452	482.27795
	14	296.50653	479.4741
	15	299.06964	478.44055
	16	298.5541	477.2304
	17	296.52762	477.25638
	18	297.635	475.4179
	19	296.97296	474.2262
	20	293.52136	475.9978
	21	293.61597	477.76328
	22	291.61017	475.92178
	23	290.7314	475.04013
	24	290.0965	474.15054
	25	288.80627	476.2201
	26	288.8711	475.56464
	27	288.01227	474.7081
	28	287.18265	476.61545
	29	287.44122	477.99664
	30	287.5509	477.12662
	31	282.86584	477.34576
	32	284.21436	480.498
	33	283.11264	478.93274
	34	283.93912	477.64746
	35	284.03763	478.648
	36	286.10104	479.07953
	37	285.89075	479.2057
	38	284.07462	479.37094
	39	284.13644	480.2421
	40	283.5361	480.19067
	41	284.1927	479.54123
	42	284.30197	478.8256
	43	285.09177	479.23627
	44	285.0612	478.60062
	45	284.222	480.20166
	46	283.6101	480.02576
	47	283.22885	480.3649
	48	283.8077	479.62738
	49	285.52936	480.3084
	50	285.36847	480.11096
	51	283.28494	479.7309
	52	282.1826	479.07266
	53	282.69333	478.97925
	54	283.81882	480.04828
	55	284.38693	478.8424
	56	283.57413	477.9572
	57	284.27542	478.14777
	58	285.29926	478.42883
	59	285.4497	477.23877
	60	285.51126	477.89175
	61	284.25482	476.68677
	62	283.7287	476.37012
	63	284.656	477.02826
	64	287.26678	477.6812
	65	286.58813	477.58517
	66	286.03967	476.53458
	67	286.09634	477.99603
	68	284.56125	479.91702
	69	285.07422	480.16727
	70	285.81	479.54803
	71	285.6527	478.56842
	72	285.44342	477.5634
	73	286.10733	477.62314
	74	286.75153	478.3815
	75	286.69138	478.70337
	76	286.6173	477.4152
	77	287.03967	477.7946
	78	285.60367	477.0522
	79	284.78094	477.10065
	80	284.8226	475.96674
	81	285.21307	476.66034
	82	283.47495	478.3652
	83	283.36423	478.73798
	84	284.25598	478.44263
	85	285.0264	477.2561
	86	280.4527	471.33667
	87	282.10907	474.95117
	88	285.6738	477.79233
	89	285.7119	479.02124
	90	285.6613	478.6081
	91	285.1371	478.5633
	92	285.3578	478.64978
	93	285.79303	477.97528
	94	285.07227	478.43668
	95	285.23633	476.88385
	96	284.48798	477.68762
	97	285.70007	478.46478
	98	285.6343	479.14032
	99	284.99173	478.84216
	100	283.8579	480.02713
	101	284.03824	478.7673
	102	284.4447	478.76428
	103	282.6735	477.86337
	104	282.00137	478.6629
	105	281.89127	477.85303
	106	282.58212	478.51697
	107	281.07416	477.2483
	108	280.60718	477.20526
	109	279.73553	477.2708
	110	281.1121	477.9002
	111	279.37177	477.97775
	112	278.7035	479.36392
	113	279.1572	479.3134
	114	280.5468	478.89322
	115	279.8384	477.5615
	116	280.75024	477.8064
	117	282.52188	477.67102
	118	283.47058	475.91046
	119	283.2594	476.38968
	120	283.43436	475.54752
	121	282.41638	476.86783
	122	281.1107	478.3117
	123	281.71494	477.74304
	124	280.9251	477.88266
	125	281.5594	477.31738
	126	281.772	476.11566
	127	281.6781	476.57214
	128	281.65747	475.88824
	129	281.94177	475.5398
	130	281.28613	475.5589
	131	281.8834	475.9709
	132	281.66537	476.79602
	133	282.10184	477.54968
	134	281.6723	476.83124
	135	281.4396	477.56372
	136	281.67554	479.45074
	137	281.1654	479.11716
	138	279.94446	478.70074
	139	278.62048	479.3327
	140	280.0414	479.48816
	141	281.7162	478.5406
	142	281.08902	478.01245
	143	280.15765	478.72333
	144	283.08786	479.3648
	145	281.6166	480.4904
	146	281.76578	480.11884
	147	281.21442	479.18542
	148	280.74295	479.16614
	149	281.62308	480.37112
	150	282.08694	479.89233
	151	282.01993	479.66284


End of Keyframe Data
