Adobe After Effects 8.0 Keyframe Data

	Units Per Second	24
	Source Width	640
	Source Height	480
	Source Pixel Aspect Ratio	1
	Comp Pixel Aspect Ratio	1

Effects	3D Point Control #1	3D Point #2
	Frame	X pixels	Y pixels	Z pixels
	0	219.70872	59.057556	108.32889
	1	226.42073	59.258972	108.39039
	2	240.66028	63.300613	109.25393
	3	248.5589	64.05336	109.47804
	4	256.42398	65.353165	109.239624
	5	263.59525	66.368744	109.76425
	6	275.3962	68.709854	110.30376
	7	279.3742	69.50227	110.616005
	8	282.83008	70.12807	110.82084
	9	284.8445	71.98387	111.19745
	10	285.89005	70.92148	111.1922
	11	284.95078	69.420135	111.058655
	12	283.26318	68.45729	110.69257
	13	280.11096	66.776535	110.160484
	14	271.98807	63.26671	110.08981
	15	266.8329	62.121857	109.53721
	16	261.09665	62.140087	109.638664
	17	253.36218	61.625706	109.31716
	18	237.74481	60.39832	108.84584
	19	229.53104	59.811478	108.99722
	20	221.7735	59.09723	108.41988
	21	214.27345	58.58426	107.50334
	22	202.685	58.10019	106.74863
	23	198.94711	57.87065	106.61316
	24	195.67542	57.26259	106.268814
	25	194.54254	56.61647	106.070755
	26	193.56216	56.497787	105.97318
	27	192.72571	56.844513	105.998634
	28	195.1242	56.76265	106.23927
	29	197.1324	56.67978	106.45832
	30	199.87436	56.277206	106.519844
	31	206.80011	56.443634	107.03199
	32	211.2133	55.373795	108.002266
	33	216.47601	56.160324	108.81555
	34	222.3396	56.668457	109.246956
	35	233.42804	58.94281	109.60435
	36	239.26447	60.844086	109.97332
	37	244.27982	62.98201	110.78042
	38	251.62112	66.34978	111.25978
	39	253.9158	66.74411	111.194626
	40	255.56703	66.49014	111.08681
	41	256.27432	64.183105	110.68024
	42	254.14813	65.176865	109.66258
	43	252.92282	64.13646	109.368195
	44	251.12323	64.592224	109.22134
	45	248.80957	63.57368	109.09949
	46	245.71158	63.944714	109.06423
	47	238.04437	61.48877	107.69655
	48	234.0427	60.44635	107.44058
	49	228.80115	59.795135	107.32042
	50	217.87592	58.591934	106.87595
	51	212.0228	57.878174	106.08247
	52	206.73575	57.958282	105.46008
	53	201.92532	57.779434	104.84678
	54	194.4	58.84503	104.43361
	55	192.19928	58.845078	103.978455
	56	190.54964	58.55606	103.751434
	57	189.84239	58.614975	103.66258
	58	189.87149	58.970734	103.66821
	59	192.65143	57.93454	103.685425
	60	194.75694	57.229874	103.60544
	61	197.37814	56.64122	103.56577
	62	200.3576	56.44986	103.87126
	63	209.01743	56.439438	104.37872
	64	213.52692	56.101196	105.13064
	65	218.74529	57.8739	105.53658
	66	229.92737	59.209137	105.682526
	67	235.54922	61.587646	105.571365
	68	240.52698	64.1779	105.7332
	69	244.92455	66.27782	106.13401
	70	248.01788	68.083405	106.68375
	71	253.1388	69.05296	106.905495
	72	254.26065	68.89496	107.08946
	73	254.0863	67.54108	107.15474
	74	253.15945	65.64885	106.81293
	75	249.12146	62.3017	107.058075
	76	246.96794	61.60939	107.091606
	77	244.38736	59.764023	107.13448
	78	237.55786	56.976654	106.80549
	79	234.24066	56.294983	106.96926
	80	229.77484	56.46341	107.35045
	81	224.81941	55.997787	108.20796
	82	219.507	56.000793	108.00669
	83	207.6258	55.57753	106.87131
	84	201.8703	55.746017	106.3789
	85	196.69495	56.367447	106.13177
	86	191.19057	56.96315	105.71357
	87	186.48221	61.107895	105.110466
	88	185.7511	60.26767	104.91239
	89	186.76605	58.902756	104.811646
	90	188.16876	57.957947	104.81591
	91	194.60144	55.763336	104.321655
	92	198.5657	54.6649	104.22533
	93	202.52792	53.334366	104.20427
	94	207.33658	53.01013	104.77325
	95	217.70999	54.52336	106.05732
	96	223.13033	54.877106	106.00362
	97	227.94522	55.30194	105.94964
	98	231.97462	56.588562	105.92332
	99	238.21552	59.26796	105.889496
	100	240.7709	63.680355	106.26167
	101	242.61661	63.786148	106.12098
	102	243.29175	62.01389	106.29295
	103	241.36595	60.045025	105.53566
	104	238.98935	59.72032	105.400215
	105	235.49829	59.382187	105.63269
	106	231.42097	58.6812	105.475006
	107	221.53717	56.71968	105.76761
	108	216.0563	55.970367	105.24751
	109	210.11105	56.430145	104.69117
	110	204.12628	55.27043	104.43869
	111	192.1183	56.87451	104.301155
	112	185.86697	57.411224	103.96434
	113	180.14743	58.812897	103.51453
	114	175.07309	59.32422	102.68423
	115	168.12798	60.360703	101.38028
	116	167.06503	61.879105	100.86818
	117	166.55046	61.220078	100.29115
	118	167.3063	61.37755	100.00154
	119	171.9412	61.607758	99.401764
	120	175.62854	60.982162	99.537445
	121	179.587	60.790974	99.38112
	122	183.88263	60.12135	99.507675
	123	193.25415	59.23465	99.66281
	124	197.16534	58.981262	100.219894
	125	201.37543	57.999146	100.74799
	126	205.73703	56.782425	101.2875
	127	213.90881	54.14479	103.127304
	128	217.6051	54.019684	103.92553
	129	221.10944	52.98578	104.32626
	130	224.80609	51.32486	104.55296
	131	231.27621	48.635147	105.694984
	132	234.00168	47.203552	106.08039
	133	236.55185	45.830307	106.2759
	134	238.7927	44.19464	106.72273
	135	243.5134	43.858337	107.794586
	136	245.03918	45.27191	108.1584
	137	247.36542	45.21321	108.54248
	138	248.35077	45.924576	109.13084
	139	249.70557	45.984833	109.873795
	140	250.29703	44.626358	110.3476
	141	251.01224	44.769455	110.33548
	142	251.19507	45.82782	110.62982
	143	251.68936	46.877045	111.20038
	144	251.39023	47.577896	111.51208
	145	251.06525	47.598923	111.89302
	146	250.76248	47.74048	111.75882
	147	249.03833	46.257095	111.78328
	148	248.31732	45.799103	112.05425
	149	247.59009	45.385498	112.21447
	150	246.91144	45.18637	112.26942
	151	245.94394	43.61206	112.285545
	152	245.88272	43.16545	112.28038
	153	245.3782	43.121918	112.30301
	154	245.23804	42.894684	112.29024
	155	244.83472	44.522858	112.3291
	156	245.84149	44.43216	112.302124
	157	246.06458	44.485977	112.31566
	158	246.8645	43.355377	111.99535
	159	247.10434	42.242508	111.756424

Effects	3D Point Control #2	3D Point #2
	Frame	X pixels	Y pixels	Z pixels
	0	214.06705	111.06134	115.18635
	1	218.85385	111.02347	115.2881
	2	228.96909	113.226776	115.73304
	3	235.14014	112.99693	116.09341
	4	241.53287	112.99896	116.189384
	5	247.24887	113.9101	116.55233
	6	256.6367	116.474686	117.00916
	7	260.19266	117.24313	117.124306
	8	263.04865	117.8201	117.23135
	9	264.88818	119.50761	117.43469
	10	266.16974	119.32872	117.464
	11	265.9839	118.27118	117.373276
	12	265.1857	117.5218	117.20058
	13	263.46085	115.83645	116.917625
	14	258.03552	112.99814	116.684746
	15	254.35556	111.67851	116.341255
	16	249.9784	111.52692	116.299286
	17	244.01187	111.400116	116.0418
	18	230.70891	112.63094	115.633095
	19	224.09863	112.594894	115.46658
	20	217.29337	112.152	114.99009
	21	210.93088	111.725174	114.40431
	22	201.34924	111.48262	113.76919
	23	198.12991	111.58806	113.64028
	24	195.23553	111.177444	113.39129
	25	193.66318	110.51749	113.28125
	26	192.10892	110.22751	113.22384
	27	191.48367	110.63872	113.21729
	28	192.57837	110.61278	113.33972
	29	193.76709	110.555435	113.464775
	30	195.6854	109.805115	113.527664
	31	200.48578	109.09578	113.92231
	32	204.6333	108.29727	114.46073
	33	209.42278	108.54579	115.03469
	34	215.06247	109.09451	115.529
	35	224.92058	109.97554	116.212
	36	229.57704	110.9691	116.62021
	37	233.651	112.6866	117.13716
	38	239.72823	115.26177	117.613914
	39	241.68323	116.02432	117.69135
	40	243.25636	115.96649	117.63817
	41	244.34384	114.01301	117.35064
	42	244.181	114.48444	116.79228
	43	243.462	113.90955	116.58812
	44	242.24063	114.271904	116.4147
	45	240.74802	114.15294	116.261696
	46	238.59818	114.51988	116.11104
	47	233.46866	113.039085	115.296814
	48	229.83005	111.901245	114.93306
	49	225.97562	110.98421	114.617584
	50	216.22302	110.50499	113.95736
	51	210.87018	110.14659	113.35428
	52	206.19905	110.673935	112.864426
	53	201.9588	110.78752	112.310555
	54	195.67508	112.709335	111.64699
	55	193.49963	112.95535	111.274254
	56	191.90646	113.00833	111.06417
	57	191.20857	113.13493	110.97262
	58	191.04974	113.482864	110.95159
	59	192.2485	112.999344	110.96972
	60	193.2792	112.30661	110.95166
	61	194.76846	111.236664	110.94632
	62	196.70047	110.63739	111.08386
	63	202.6442	109.59447	111.47083
	64	206.08276	109.816696	111.96501
	65	210.21356	111.04318	112.35492
	66	219.44977	111.13927	112.788666
	67	224.40097	112.36369	113.00756
	68	228.88434	114.25666	113.281334
	69	232.9224	115.74328	113.61788
	70	235.84872	117.17824	113.99059
	71	240.88385	118.20392	114.18913
	72	242.27457	118.217834	114.289
	73	242.85657	117.30722	114.28235
	74	243.26431	115.97799	114.113464
	75	242.42874	113.96942	114.02682
	76	241.62311	113.62648	114.030525
	77	240.38785	112.292046	114.01297
	78	236.3245	110.08351	113.88673
	79	234.07642	108.982925	113.875725
	80	230.60468	108.968124	114.00356
	81	226.89828	110.03476	114.38768
	82	223.00363	110.683914	114.32129
	83	213.48767	110.141525	113.7217
	84	208.18674	110.24745	113.38955
	85	203.45374	111.106155	113.10293
	86	199.25366	111.73889	112.753555
	87	194.82602	115.20041	112.34888
	88	193.46414	114.58641	112.14187
	89	192.98251	113.44777	111.95142
	90	193.15952	112.71871	111.86062
	91	195.1285	110.13664	111.487785
	92	196.77496	108.83032	111.3716
	93	198.50397	107.479675	111.28866
	94	200.43561	106.54874	111.41684
	95	206.2258	106.60362	112.07236
	96	209.52911	106.66231	112.2592
	97	212.90802	106.63628	112.35547
	98	215.80705	107.05185	112.447235
	99	221.50845	108.47867	112.63076
	100	223.88847	111.90964	112.96154
	101	226.34283	112.84159	113.00388
	102	227.9851	112.63525	113.026955
	103	229.24048	111.88919	112.53145
	104	228.76747	111.86307	112.387726
	105	227.82614	111.828476	112.31357
	106	226.26407	111.91606	112.138435
	107	221.70053	110.9122	111.97601
	108	218.88583	110.7106	111.72057
	109	215.74979	110.64276	111.42075
	110	211.71536	109.71756	111.222305
	111	202.53503	110.51117	110.97817
	112	198.41577	111.52887	110.75498
	113	194.15106	113.210815	110.49237
	114	190.0852	113.37657	109.98571
	115	183.74605	114.057495	109.02219
	116	181.69232	115.24018	108.63821
	117	180.18518	115.05894	108.22792
	118	179.3768	115.374535	107.95659
	119	179.5029	115.02803	107.54554
	120	180.42084	114.625336	107.50128
	121	181.2868	114.05617	107.365944
	122	182.2684	113.31977	107.26895
	123	185.82846	111.69043	107.22097
	124	187.72488	111.03221	107.429214
	125	189.98312	110.488266	107.72965
	126	192.56197	109.882706	108.072174
	127	198.49017	109.56766	109.09233
	128	201.74374	109.739716	109.56908
	129	204.51886	108.84227	109.8418
	130	207.42644	107.53601	110.043755
	131	213.27036	104.953125	110.69168
	132	216.37036	103.78044	110.95743
	133	219.43346	102.63187	111.12573
	134	221.93698	101.12923	111.366905
	135	227.56564	100.521835	111.87369
	136	229.60852	101.29794	112.0983
	137	231.84538	101.42276	112.295975
	138	233.23047	101.81073	112.53867
	139	235.14182	101.71123	112.891136
	140	236.20816	100.60243	113.05023
	141	237.27939	100.473434	113.09166
	142	237.88028	101.4579	113.15795
	143	238.30423	102.53337	113.36354
	144	238.23746	102.89455	113.48053
	145	238.0961	102.8401	113.60836
	146	237.99568	103.01637	113.503624
	147	237.5611	102.19937	113.46599
	148	237.2771	101.512436	113.54976
	149	236.84293	101.06032	113.579414
	150	236.3989	100.904495	113.58519
	151	235.85435	99.41498	113.584915
	152	235.64194	99.199875	113.586426
	153	235.32713	99.19957	113.57229
	154	235.55295	99.26187	113.57496
	155	235.59827	100.38103	113.51865
	156	236.56308	100.56625	113.51855
	157	237.41757	100.71121	113.51132
	158	237.93596	100.02028	113.44185
	159	238.54971	99.42062	113.39968

Effects	3D Point Control #3	3D Point #2
	Frame	X pixels	Y pixels	Z pixels
	0	211.3887	160.55392	121.77774
	1	214.03123	160.38847	121.77458
	2	220.02771	162.03117	121.963135
	3	224.00984	161.17258	122.26762
	4	228.24414	159.8396	122.54176
	5	231.9849	160.17986	122.78336
	6	239.31488	161.83691	123.19002
	7	242.08206	162.38846	123.24636
	8	244.35385	162.76692	123.317894
	9	246.05237	164.47322	123.45049
	10	247.37003	164.41873	123.45662
	11	247.74084	163.62402	123.40698
	12	247.69492	163.03262	123.34212
	13	247.06036	161.54327	123.22451
	14	243.47202	160.06598	122.8554
	15	241.35419	159.08868	122.662544
	16	238.26913	159.58563	122.547356
	17	234.31805	159.97743	122.351395
	18	225.00739	162.37325	121.892426
	19	220.04617	163.04855	121.59354
	20	214.83368	162.77414	121.23413
	21	210.19559	162.06018	120.9291
	22	202.81787	161.84737	120.47136
	23	200.24222	162.02579	120.35606
	24	197.74742	161.5155	120.1936
	25	196.05762	160.67413	120.16369
	26	194.06174	160.10913	120.18799
	27	193.41217	160.5813	120.15376
	28	193.44397	160.67206	120.175
	29	193.81805	160.73055	120.20823
	30	194.65121	159.93282	120.23472
	31	196.92892	159.26175	120.41365
	32	200.4824	159.12283	120.60793
	33	204.47476	159.24463	121.09191
	34	209.40474	159.65605	121.5118
	35	217.32251	159.42549	122.341965
	36	220.68352	159.7262	122.80295
	37	223.64783	161.331	123.13945
	38	227.98508	162.91508	123.67654
	39	229.52908	163.1641	123.8695
	40	230.66226	162.71707	123.9101
	41	231.95248	160.65114	123.76877
	42	233.09021	160.43367	123.644196
	43	232.70724	159.84401	123.516655
	44	231.8164	160.22955	123.38291
	45	230.95508	160.60718	123.163246
	46	229.51758	161.41257	122.95534
	47	226.836	160.4867	122.29807
	48	224.0293	159.95493	121.86962
	49	221.66751	159.87256	121.44302
	50	214.61795	160.46194	120.67585
	51	210.65384	159.98198	120.25789
	52	207.24881	160.3281	119.924225
	53	203.97737	160.43918	119.469284
	54	198.90118	162.65714	118.79736
	55	196.92505	162.76675	118.50902
	56	195.59558	162.77527	118.341995
	57	194.90405	162.85132	118.273224
	58	194.6756	163.17633	118.253174
	59	194.59781	162.61615	118.257614
	60	194.76309	161.81018	118.25209
	61	195.40018	160.62648	118.26263
	62	196.46115	160.14978	118.322495
	63	199.7547	159.25177	118.49726
	64	201.87857	159.92957	118.69737
	65	204.32559	160.91418	118.9689
	66	210.73575	160.03311	119.42698
	67	214.40976	160.12807	119.819664
	68	217.84796	161.16353	120.18663
	69	221.30586	162.28645	120.526184
	70	223.65384	163.3983	120.875885
	71	228.05698	163.26279	121.30594
	72	229.53015	163.13083	121.453705
	73	230.7782	162.45374	121.482025
	74	232.40402	161.20865	121.46028
	75	234.75891	160.93929	121.242584
	76	235.11731	161.11572	121.202
	77	235.05847	160.421	121.10897
	78	233.04315	158.83342	120.977905
	79	231.54309	158.43839	120.8029
	80	228.76898	159.00229	120.75085
	81	226.96509	161.24481	120.671974
	82	224.88376	162.18816	120.56228
	83	218.24837	161.3866	120.23481
	84	214.03925	161.31262	120.028625
	85	210.11382	162.07773	119.80756
	86	207.40247	162.39062	119.59841
	87	204.10782	164.6489	119.559525
	88	202.13345	163.98074	119.41855
	89	200.09357	162.99857	119.223656
	90	199.33311	162.45966	119.0972
	91	197.54854	159.63495	118.78885
	92	197.25934	158.30215	118.63835
	93	197.04047	157.03604	118.464386
	94	196.7963	156.5875	118.30508
	95	198.42831	156.83261	118.468544
	96	199.51047	156.3263	118.5797
	97	201.29498	155.87784	118.62836
	98	202.83522	155.80655	118.697266
	99	206.55243	156.1788	118.92149
	100	208.34189	159.07712	119.245255
	101	210.60068	159.50577	119.40581
	102	212.68024	159.68094	119.39678
	103	215.94061	158.797	119.29519
	104	217.03488	159.04349	119.28039
	105	218.00327	160.05634	119.118515
	106	218.8089	160.8774	118.96777
	107	219.19522	161.65381	118.63681
	108	218.8291	161.575	118.50395
	109	218.12265	161.28996	118.39697
	110	215.87872	160.68076	118.18797
	111	209.60257	161.86374	117.86723
	112	208.00293	162.87323	117.62545
	113	205.88947	164.16208	117.451416
	114	203.56087	163.65247	117.175316
	115	198.82797	162.84976	116.70613
	116	196.03406	163.41136	116.53837
	117	193.85835	162.77261	116.30912
	118	191.55011	163.00977	116.106544
	119	188.17136	162.10094	115.867874
	120	186.94669	161.96571	115.74613
	121	185.05814	161.31836	115.56761
	122	183.1116	161.11673	115.25008
	123	181.76897	159.60281	114.93056
	124	181.96469	159.40656	114.906334
	125	182.71524	159.35828	114.95003
	126	183.69336	159.1778	115.01714
	127	186.97919	160.66766	115.0977
	128	189.32767	161.40274	115.213135
	129	191.3468	160.78558	115.2764
	130	193.49036	159.5491	115.350555
	131	198.11505	157.51619	115.51503
	132	201.27571	156.72849	115.60079
	133	204.27863	155.7558	115.682175
	134	206.7377	154.57321	115.73186
	135	212.32281	154.60086	115.74169
	136	214.39725	155.42044	115.87726
	137	216.116	155.50656	115.91252
	138	217.61122	156.14703	115.88449
	139	219.7547	156.33293	115.915474
	140	221.17108	155.56154	115.76511
	141	222.34525	155.52158	115.74899
	142	223.13194	156.66754	115.60285
	143	223.46295	157.76266	115.54544
	144	223.65082	158.19507	115.55203
	145	223.76245	158.23921	115.46091
	146	223.9436	158.56317	115.33879
	147	224.75328	158.16064	115.16633
	148	224.89072	157.58455	115.0262
	149	224.69556	157.20099	114.92447
	150	224.42203	157.09378	114.88365
	151	224.09546	155.67773	114.86891
	152	224.1402	155.5237	114.85931
	153	224.2144	155.61641	114.83233
	154	224.98471	155.79211	114.82209
	155	225.53754	157.03336	114.73975
	156	226.64822	157.24854	114.75957
	157	228.16724	157.51993	114.75557
	158	228.70561	156.86697	114.875015
	159	230.0682	156.42487	114.97156

Effects	3D Point Control #4	3D Point #2
	Frame	X pixels	Y pixels	Z pixels
	0	260.22745	109.62514	119.305145
	1	265.78336	112.96214	118.952896
	2	276.23343	122.14796	118.24007
	3	281.95218	125.10537	118.145966
	4	287.674	128.09093	117.92778
	5	292.5691	131.32767	118.06386
	6	300.35904	137.30724	117.75034
	7	303.27545	139.24292	117.58261
	8	305.7238	140.53049	117.550026
	9	307.46042	142.263	117.68884
	10	308.76044	142.04648	117.66356
	11	308.94876	140.38962	117.621185
	12	308.6885	138.79387	117.58934
	13	307.65723	135.95915	117.47397
	14	303.56894	130.03728	117.75551
	15	300.6501	126.771385	117.67411
	16	296.7501	124.29833	118.0673
	17	291.2816	121.34644	118.19583
	18	277.54205	115.893364	118.97881
	19	270.29138	113.3169	119.35116
	20	262.45596	110.03781	119.42971
	21	255.20786	106.722885	119.19185
	22	243.97177	102.9908	119.07209
	23	239.73819	101.927536	119.19077
	24	236.38318	100.685104	119.053856
	25	234.32138	99.55919	119.05855
	26	232.7987	99.28041	119.03456
	27	232.84473	100.189255	118.9205
	28	234.89267	101.763885	118.92719
	29	236.77966	102.991714	118.956665
	30	239.64139	103.86015	118.83229
	31	246.80664	108.110306	118.50083
	32	251.62482	109.52466	118.60993
	33	256.77393	111.44574	118.7962
	34	262.68845	113.66624	118.806366
	35	272.55725	118.95126	118.23552
	36	276.71692	122.39871	118.08724
	37	279.8304	126.49688	117.845665
	38	283.61407	133.12909	117.086685
	39	284.61917	135.26025	116.76634
	40	285.21384	136.47974	116.36721
	41	285.6068	135.26183	115.76284
	42	285.03674	136.3443	114.961395
	43	284.36417	135.7835	114.732
	44	283.5544	135.83377	114.64672
	45	282.901	134.61536	114.6196
	46	281.74142	133.69162	114.675606
	47	279.9657	127.149994	115.073105
	48	277.45044	123.77624	115.228294
	49	274.49396	119.54167	115.53018
	50	265.15515	112.84217	116.2344
	51	259.2122	109.05376	116.36984
	52	253.3916	106.20326	116.5552
	53	247.67143	103.393906	116.609276
	54	238.17203	101.3575	116.89351
	55	234.88312	100.29764	116.78149
	56	232.69778	99.56935	116.700195
	57	231.56526	99.28476	116.70221
	58	231.08063	99.42616	116.751274
	59	232.5173	99.79668	116.82553
	60	233.82382	99.718	116.81037
	61	235.732	99.383545	116.77326
	62	238.27957	100.01622	116.86266
	63	246.00467	102.809875	117.03023
	64	250.66837	106.06004	117.25337
	65	255.96033	110.25964	117.26731
	66	267.36206	117.67287	116.1786
	67	272.33377	123.20402	115.34839
	68	276.29926	128.53113	114.832375
	69	278.5735	133.65765	114.00776
	70	279.42053	137.96483	113.42784
	71	281.0879	142.91446	112.52384
	72	281.1908	143.86133	112.22564
	73	281.0473	143.077	111.891106
	74	281.23438	141.55981	111.51903
	75	280.99207	136.73833	110.95354
	76	280.56476	135.27612	110.84949
	77	279.99103	132.52823	110.789
	78	277.86835	127.74181	110.91306
	79	277.2074	124.5272	111.21453
	80	275.04214	122.544525	111.66427
	81	273.0462	119.28374	112.54222
	82	270.66467	116.58403	113.17762
	83	262.7292	109.50922	114.46313
	84	257.3399	106.76526	114.96614
	85	251.51132	104.575836	115.67622
	86	245.82288	101.91641	116.05903
	87	237.20023	100.31378	116.8915
	88	234.13235	98.75937	117.179634
	89	232.49738	97.78465	117.41221
	90	232.06082	97.28107	117.55742
	91	234.02908	96.35695	117.46584
	92	236.1701	96.46307	117.41638
	93	238.7796	97.05583	117.34515
	94	242.2688	99.54233	117.37669
	95	249.3504	104.96457	117.982414
	96	253.71451	108.089005	117.900085
	97	258.23645	111.09668	117.565445
	98	262.16452	114.8004	117.06145
	99	268.653	123.40266	115.49134
	100	270.6144	129.3974	115.07627
	101	272.35278	132.62314	114.3383
	102	273.46097	133.50467	113.666275
	103	273.62564	134.12141	112.064514
	104	272.82025	133.86647	111.466064
	105	271.94174	132.4851	110.96274
	106	270.5059	131.04797	110.40681
	107	265.55878	126.394356	109.35993
	108	263.14362	124.53937	108.97554
	109	260.8778	122.59884	108.74541
	110	257.88644	119.37996	108.729256
	111	250.96526	115.18019	109.22158
	112	248.06326	111.12256	109.867165
	113	244.28317	108.255035	110.49754
	114	239.79805	103.9091	111.017204
	115	230.41684	97.40448	111.83359
	116	226.58075	96.628006	112.166916
	117	223.81439	95.08833	112.19257
	118	222.08047	95.1465	112.33397
	119	221.26335	95.15773	112.426994
	120	222.24557	96.06474	112.619064
	121	223.27821	97.0428	112.7185
	122	225.12088	99.16359	112.82618
	123	229.78922	102.03993	113.03726
	124	231.87393	103.4203	113.37055
	125	234.18979	104.8318	113.7803
	126	236.84924	106.39113	114.20256
	127	243.68771	112.16238	115.04868
	128	247.73114	115.10912	115.18415
	129	251.38065	116.64324	115.00357
	130	254.97969	117.54167	114.717255
	131	261.51398	119.10151	114.1414
	132	264.8086	119.17417	113.627396
	133	267.87424	118.93232	113.17668
	134	270.1731	118.088326	112.79483
	135	275.10025	117.85363	112.16844
	136	276.72272	118.697235	111.94329
	137	278.28784	119.205086	111.68759
	138	279.1031	119.12454	111.418976
	139	280.14114	118.17474	111.07591
	140	281.18256	116.04751	111.02585
	141	282.09354	115.63882	110.91779
	142	282.91272	116.02983	110.97896
	143	283.32764	116.64262	111.12499
	144	283.31012	116.54761	111.21021
	145	283.30627	115.83129	111.323845
	146	283.4761	115.778206	111.29451
	147	283.58344	113.643875	111.32604
	148	283.5813	112.217	111.4759
	149	283.37445	111.38373	111.58831
	150	283.0837	111.053894	111.661766
	151	282.80377	109.45279	111.81424
	152	282.88913	109.1409	112.003746
	153	282.86884	108.913086	112.16022
	154	283.48264	108.666534	112.421326
	155	284.138	109.70715	112.92399
	156	285.34595	110.01431	113.296906
	157	286.46045	109.79184	113.666855
	158	287.07397	109.3544	113.86441
	159	287.80664	108.44284	114.50793

Effects	3D Point Control #5	3D Point #2
	Frame	X pixels	Y pixels	Z pixels
	0	292.88516	114.85356	128.33563
	1	300.5917	125.002396	127.93077
	2	312.43475	148.26038	126.66154
	3	317.22318	161.27946	125.896034
	4	319.58002	173.78151	124.90343
	5	319.78265	185.71597	124.06193
	6	316.12622	201.26093	122.68571
	7	314.20374	207.37265	122.24647
	8	313.13153	211.06923	122.17463
	9	312.60123	213.64984	122.26244
	10	312.35822	213.0858	122.903046
	11	314.33472	210.48056	123.177444
	12	317.16864	208.07672	123.51625
	13	320.41754	202.96533	123.7128
	14	324.89444	192.26634	124.418106
	15	326.53864	183.9468	124.74204
	16	326.79724	172.57928	125.500145
	17	325.18225	162.43434	126.284744
	18	310.7318	135.64182	127.25947
	19	302.83362	126.52531	127.807
	20	296.30237	116.471596	128.21056
	21	289.3614	108.31889	128.46489
	22	273.64774	93.0811	128.75691
	23	267.03415	87.69011	128.47913
	24	260.53906	83.28653	128.2152
	25	255.51123	82.39375	127.882645
	26	253.13722	83.83766	128.18307
	27	254.63132	90.908936	128.81673
	28	257.97684	100.22368	129.51071
	29	263.16183	106.3739	129.63199
	30	267.17557	116.73469	129.39319
	31	269.71127	142.16194	127.74489
	32	269.93024	153.13086	126.731125
	33	271.7896	160.05954	125.594986
	34	275.22223	166.43181	124.6518
	35	289.09906	175.57724	122.921135
	36	295.58273	180.1599	122.01869
	37	301.19815	184.00351	121.24954
	38	309.9407	189.0139	120.08703
	39	311.17194	192.37862	119.7205
	40	311.79184	194.8362	119.662094
	41	311.99164	197.54584	119.7546
	42	309.12256	200.36021	120.19946
	43	308.654	201.04404	120.4496
	44	307.3072	201.71722	121.25033
	45	307.1919	201.21402	122.35137
	46	307.73914	198.71913	123.12754
	47	306.71252	187.01517	124.55871
	48	306.14307	177.06264	125.40561
	49	303.89438	169.37207	126.20808
	50	295.88422	148.38467	127.33296
	51	289.44128	137.56833	127.926445
	52	282.29086	129.07745	128.34528
	53	276.09482	119.77432	128.22539
	54	259.87564	107.121994	128.0549
	55	252.36575	101.89229	127.97769
	56	247.53275	100.642395	128.58904
	57	243.40039	100.66092	128.76949
	58	240.23257	98.013504	128.85973
	59	240.99637	109.54173	129.4399
	60	241.41348	118.13523	129.89482
	61	243.59256	126.28889	130.04295
	62	246.56541	133.64767	129.93654
	63	251.35704	148.13016	128.8352
	64	255.33037	154.71811	127.60215
	65	259.94553	160.60223	126.43454
	66	276.49652	172.0481	124.01272
	67	285.5083	179.19452	122.79258
	68	291.60336	185.82722	121.48355
	69	297.5613	194.20038	120.55655
	70	300.80487	200.6932	119.34393
	71	303.12543	208.86356	117.491425
	72	299.76047	211.37573	117.221214
	73	298.1552	212.60799	116.93403
	74	295.78943	212.51413	116.890656
	75	294.30728	205.45912	117.01753
	76	294.13315	202.3433	117.21691
	77	293.95334	199.53981	117.51622
	78	296.83496	192.13434	118.37015
	79	298.0562	188.37202	118.85618
	80	298.512	184.13354	119.427956
	81	299.7021	178.0408	120.06628
	82	300.1938	166.71985	120.471176
	83	298.17953	148.89986	122.71826
	84	293.46582	138.69409	123.6887
	85	284.8964	131.30045	125.16979
	86	277.00055	122.8666	126.118
	87	262.60788	110.93979	126.76177
	88	256.50916	108.859375	127.351555
	89	253.13628	104.99208	127.394554
	90	249.11807	107.669464	128.87016
	91	248.74362	111.73724	129.77774
	92	250.74654	114.92294	130.16371
	93	253.72855	120.38438	130.18327
	94	254.9298	127.32574	130.15016
	95	262.07343	141.40125	130.15753
	96	267.88687	147.43495	129.48611
	97	272.60654	153.35208	128.32591
	98	278.3328	159.44586	126.99742
	99	289.8024	173.87973	124.59299
	100	294.83173	182.4347	123.406395
	101	298.09348	191.4548	122.00728
	102	299.57904	197.74586	120.67895
	103	296.58234	206.5921	117.976105
	104	292.63657	205.5228	117.10911
	105	290.5045	204.49792	116.25059
	106	287.97946	203.22598	115.42376
	107	286.11215	195.418	114.58863
	108	286.6132	189.975	114.07497
	109	288.22128	184.46753	113.79926
	110	290.0449	177.1813	113.65751
	111	291.36285	158.93842	114.06233
	112	289.48508	148.20065	114.75897
	113	286.11914	139.58363	115.80014
	114	281.76392	131.87059	116.870514
	115	271.6715	120.03642	118.95293
	116	264.5228	112.64315	119.72249
	117	257.9547	109.40799	120.66014
	118	250.94522	107.983795	121.30036
	119	243.5683	107.24208	122.1593
	120	243.28201	108.643555	122.72771
	121	243.98938	111.753815	123.43631
	122	244.96397	118.73989	124.09437
	123	249.1609	132.79614	124.63676
	124	249.80646	140.99467	124.67009
	125	251.82376	150.02924	124.23706
	126	253.92505	159.18445	123.696266
	127	257.4043	176.14133	122.57515
	128	260.04718	184.5459	121.495605
	129	261.8473	191.36931	120.60412
	130	261.8259	195.84204	119.40797
	131	257.85037	200.05502	117.05146
	132	257.25467	198.9034	115.80292
	133	258.37662	197.5654	114.528824
	134	260.17648	194.70456	113.41641
	135	263.8346	189.27156	110.967064
	136	264.2089	185.6777	109.80898
	137	265.93796	182.78253	108.932915
	138	267.3967	180.487	108.39014
	139	270.91492	177.19325	107.833755
	140	273.98627	177.22838	107.76397
	141	275.2076	177.19377	107.88172
	142	276.399	178.56717	108.06491
	143	279.49286	180.58499	109.16585
	144	280.18994	182.89954	109.982506
	145	283.16785	184.50635	110.5402
	146	285.8309	186.57426	111.32037
	147	293.00845	186.5311	113.14284
	148	295.59195	185.04611	113.94562
	149	299.80762	183.63672	114.74764
	150	301.8462	182.32428	115.64888
	151	303.97916	180.46432	116.862335
	152	304.36954	180.22595	117.35668
	153	304.57013	180.13309	117.65405
	154	304.19968	180.01688	117.90358
	155	302.67798	181.27823	118.25172
	156	301.08765	182.42477	118.2513
	157	299.23135	182.93692	118.37815
	158	297.7027	181.67235	118.51358
	159	296.6795	180.69453	118.567894

Effects	3D Point Control #6	3D Point #2
	Frame	X pixels	Y pixels	Z pixels
	0	334.73523	151.26569	123.152306
	1	339.65735	165.23352	122.310555
	2	342.91043	196.61995	120.49376
	3	340.74896	214.71417	119.63742
	4	339.71155	232.16982	119.168236
	5	335.27087	248.7459	119.03112
	6	326.4654	270.22626	119.54528
	7	320.61313	278.2547	119.50072
	8	315.1301	282.98093	119.63668
	9	310.79135	285.9937	119.82301
	10	303.40085	284.12756	120.037445
	11	302.15024	280.36542	120.2106
	12	301.98254	276.78418	120.464005
	13	300.86423	269.44678	121.002174
	14	304.21216	256.47162	122.51017
	15	312.09665	247.6633	122.070984
	16	321.43658	235.75763	122.429276
	17	336.17093	221.37054	122.43054
	18	347.55444	177.12581	122.99558
	19	347.56384	158.15164	123.306015
	20	348.07788	138.52968	123.78403
	21	344.60004	121.342575	123.27995
	22	331.5694	92.8571	123.012665
	23	323.2425	81.20125	122.179344
	24	316.48364	73.93594	121.57654
	25	308.62845	67.55031	121.44894
	26	298.7638	61.49756	120.446075
	27	295.12726	63.030487	120.38199
	28	291.5139	65.97464	119.79139
	29	289.37695	71.110275	118.991516
	30	286.73865	78.398834	118.293884
	31	291.9406	98.81944	117.517914
	32	297.6704	110.57454	116.7572
	33	305.7175	124.9035	115.51065
	34	315.10715	143.50684	114.36303
	35	330.4568	187.14737	112.561035
	36	333.60565	207.84174	112.348915
	37	332.86923	225.59181	112.662056
	38	328.3874	249.71295	115.22662
	39	324.08554	257.10013	116.35673
	40	319.39703	261.82376	117.5419
	41	314.32162	265.9117	118.87753
	42	305.35907	268.55286	121.96469
	43	301.77902	267.6801	123.45239
	44	299.36362	267.19284	125.29051
	45	297.22394	266.12762	126.815094
	46	295.98718	262.5389	127.96237
	47	296.05457	250.1158	128.89273
	48	299.83066	240.86942	128.78506
	49	301.763	233.62926	128.7719
	50	304.84256	212.10818	127.70458
	51	311.73126	194.2381	126.504326
	52	315.74445	176.49733	125.38421
	53	317.5756	158.96608	124.482155
	54	310.79144	121.27649	123.962364
	55	306.1112	104.69092	123.65642
	56	298.48016	89.245926	123.08032
	57	290.61398	77.7778	122.48046
	58	282.70322	71.95497	122.07222
	59	271.5747	68.008606	120.834694
	60	268.26807	71.49094	120.50142
	61	267.37112	78.14656	119.89659
	62	270.0484	86.724686	119.24939
	63	285.76947	111.784134	118.31269
	64	295.82837	126.417946	117.718445
	65	305.95505	144.992	117.43419
	66	325.70602	188.96925	116.31658
	67	331.4644	211.54617	116.00918
	68	331.8731	230.23431	115.70776
	69	330.10706	249.20088	116.01567
	70	325.47824	263.0886	116.81483
	71	310.2549	277.19937	118.56751
	72	302.99472	280.6588	118.994675
	73	295.18713	282.10132	119.01561
	74	286.20105	282.2889	118.84573
	75	271.81305	270.3961	120.52292
	76	268.22064	266.1073	120.86655
	77	267.1533	262.79114	121.36629
	78	268.90405	254.63754	122.349106
	79	271.2043	251.41284	122.74026
	80	274.26154	248.64566	122.871574
	81	277.71967	243.0477	122.94625
	82	283.51825	233.01112	122.165764
	83	296.98663	214.4984	120.66338
	84	302.91183	199.32695	120.28625
	85	306.36993	183.40178	120.53633
	86	311.36752	166.76056	120.956764
	87	311.8784	136.38498	122.25414
	88	310.2958	121.99007	122.99158
	89	308.14136	110.81552	123.58432
	90	305.051	102.96924	124.11825
	91	301.31464	88.443436	124.528206
	92	300.99747	86.15866	124.67233
	93	300.86615	85.20265	125.15292
	94	301.81677	89.32243	125.49521
	95	314.0643	108.20439	126.45246
	96	323.83725	121.91384	126.177086
	97	331.95218	138.92107	125.48125
	98	339.4876	155.5758	124.341644
	99	347.70233	197.88766	121.33992
	100	347.09973	219.73866	120.29177
	101	341.53113	240.96094	120.18589
	102	331.01904	256.69153	119.597305
	103	304.4494	274.4308	119.11948
	104	295.01453	274.7625	118.13282
	105	286.4778	274.84744	117.19148
	106	277.63794	274.13702	115.904366
	107	259.17505	262.45868	112.7101
	108	252.04694	253.47038	111.80073
	109	247.95105	244.56586	111.663345
	110	247.04587	235.41388	111.941734
	111	254.12552	220.22198	112.25351
	112	260.67334	212.68066	112.1105
	113	270.76593	204.7896	112.09746
	114	284.3751	193.4725	112.622284
	115	299.89682	169.49469	113.40521
	116	305.69437	152.51859	115.023636
	117	307.15262	136.23666	116.39395
	118	306.34628	124.2353	117.5177
	119	305.22623	107.55986	120.38534
	120	305.9874	103.51993	121.19951
	121	306.50616	102.28624	121.75038
	122	306.8378	104.068344	122.56476
	123	312.138	116.292114	123.28595
	124	313.9746	128.62805	123.710236
	125	317.84155	145.45895	124.662224
	126	319.79248	166.05164	125.60537
	127	314.55032	209.90291	125.47247
	128	306.99945	231.76259	124.4996
	129	299.13174	248.62596	122.97367
	130	287.20013	261.1244	121.050514
	131	266.54752	271.88788	115.02564
	132	256.94495	269.81592	111.79979
	133	242.73883	263.2089	108.67841
	134	229.45227	253.69504	106.65122
	135	210.3523	234.8083	104.35802
	136	204.88516	226.82042	103.93689
	137	203.22441	221.71849	103.6561
	138	202.75987	217.52835	103.22703
	139	207.15173	215.93925	102.64363
	140	210.9688	217.50253	102.47173
	141	217.04037	222.10965	102.32823
	142	224.41122	228.39673	102.33618
	143	247.4866	242.37573	103.76413
	144	259.25916	249.4073	105.244446
	145	270.1459	254.02417	106.89994
	146	280.32126	258.8529	108.849075
	147	294.0588	259.56305	112.38191
	148	299.19424	257.779	113.917305
	149	302.35684	256.31775	115.385544
	150	307.29437	254.25417	116.590454
	151	313.54	251.313	118.773506
	152	315.01633	250.81956	119.45163
	153	315.77032	250.57497	120.00246
	154	315.11685	250.54413	119.8256
	155	309.96045	252.05927	119.48462
	156	306.39188	253.79459	118.98923
	157	301.29666	254.77008	118.37813
	158	297.5604	253.1377	117.681465
	159	289.81573	250.69415	116.776184

Effects	3D Point Control #7	3D Point #2
	Frame	X pixels	Y pixels	Z pixels
	0	164.48303	112.604065	111.067535
	1	168.84283	108.95749	111.6233
	2	179.61176	103.91054	113.226006
	3	186.643	100.45264	114.04084
	4	193.99005	97.4485	114.45098
	5	200.73773	96.03487	115.0408
	6	212.3569	95.37656	116.26799
	7	216.77142	95.07051	116.66601
	8	220.14087	94.985886	116.9127
	9	222.13132	96.6535	117.18054
	10	223.43405	96.533646	117.26441
	11	222.83713	96.05911	117.12538
	12	221.39331	96.10814	116.8118
	13	218.8418	95.52132	116.36128
	14	211.65863	95.64334	115.613976
	15	206.988	96.23581	115.008415
	16	201.76266	98.36119	114.531265
	17	194.95406	101.077545	113.88777
	18	181.08488	109.17407	112.28738
	19	174.68956	111.82262	111.58199
	20	168.50339	114.436005	110.55046
	21	162.78629	117.16441	109.61677
	22	154.55911	120.80478	108.46628
	23	152.24844	122.24078	108.08981
	24	149.76218	122.77282	107.72873
	25	148.635	122.65359	107.50395
	26	147.01672	122.359024	107.41312
	27	145.73454	122.19675	107.514084
	28	145.87563	120.37937	107.75225
	29	146.37895	118.88857	107.97287
	30	147.42033	116.33289	108.22305
	31	150.28574	110.16376	109.3438
	32	154.10674	106.97757	110.31153
	33	158.87025	105.44978	111.27318
	34	164.65547	104.25581	112.25165
	35	175.59558	100.68167	114.18848
	36	181.23608	99.248276	115.15316
	37	186.90958	98.70822	116.42865
	38	196.23407	97.553925	118.14115
	39	199.41693	97.08841	118.61634
	40	202.1958	95.891785	118.909134
	41	204.1826	93.33156	118.93846
	42	204.58643	93.29938	118.62318
	43	203.84177	92.72116	118.444214
	44	202.16296	93.35512	118.182686
	45	199.76923	94.26051	117.90378
	46	196.5086	95.81641	117.54646
	47	187.15173	98.982834	115.52052
	48	181.96439	99.96512	114.63784
	49	176.67844	102.28935	113.705
	50	165.29555	108.072525	111.68031
	51	159.88577	111.299164	110.3387
	52	155.81569	115.4469	109.17365
	53	152.60754	118.769646	108.01182
	54	148.98714	125.18066	106.40047
	55	147.80653	126.93121	105.76702
	56	146.75385	127.88418	105.42815
	57	146.45772	128.49316	105.24303
	58	146.60303	129.09018	105.15189
	59	147.49301	127.67302	105.113914
	60	148.21402	126.29878	105.09296
	61	149.2636	124.403854	105.11939
	62	150.5579	122.424286	105.30505
	63	154.73167	117.09131	105.91142
	64	157.07658	113.94583	106.67666
	65	160.28363	111.89839	107.442535
	66	168.56815	104.20073	109.39872
	67	174.44043	101.06477	110.666725
	68	180.15298	99.58588	111.7303
	69	186.95695	97.705536	113.228
	70	192.70502	96.595856	114.55333
	71	201.8356	94.203766	115.85443
	72	204.73862	93.48384	116.35237
	73	206.2313	92.593765	116.6736
	74	206.9824	91.53354	116.7079
	75	205.88962	92.395645	117.100105
	76	204.79517	93.15195	117.21157
	77	202.96283	93.16884	117.23692
	78	196.89491	93.32387	116.860405
	79	192.91528	94.148605	116.53692
	80	187.9542	95.93768	116.34286
	81	182.21576	101.07947	116.23315
	82	176.28674	104.90071	115.46495
	83	163.59985	110.782166	112.980286
	84	157.64746	113.82789	111.81299
	85	153.15843	117.940544	110.52964
	86	149.87152	122.15466	109.448074
	87	148.88075	131.34158	107.80625
	88	148.97018	131.90234	107.10411
	89	149.41505	130.71727	106.49065
	90	150.08327	129.81311	106.163826
	91	151.81978	125.47783	105.50972
	92	152.85799	122.617096	105.32683
	93	153.5923	119.10338	105.23217
	94	153.87407	114.34708	105.45699
	95	158.29968	108.425186	106.16232
	96	160.66826	105.084656	106.61829
	97	163.17139	101.74211	107.1455
	98	165.4823	98.64017	107.83303
	99	171.90677	92.776825	109.77018
	100	175.37967	93.75461	110.84683
	101	179.23325	92.58728	111.66946
	102	181.99188	91.52838	112.387634
	103	185.22215	89.8407	112.998375
	104	185.43134	90.21762	113.309395
	105	184.75912	91.66283	113.66441
	106	183.36784	93.36606	113.87009
	107	179.8448	96.13695	114.59209
	108	176.75076	97.545105	114.46561
	109	172.73811	99.24736	114.09609
	110	167.56874	100.47882	113.71534
	111	155.61406	105.987625	112.73477
	112	149.55789	111.92874	111.6428
	113	144.01424	118.167046	110.4872
	114	139.43108	123.023285	108.954216
	115	134.6045	131.59212	106.2108
	116	133.78995	135.10205	105.1095
	117	133.23792	136.54834	104.26327
	118	133.06372	137.31229	103.57922
	119	133.77124	136.78795	102.66409
	120	134.41478	135.04147	102.38349
	121	134.8889	132.85489	102.01338
	122	134.73325	129.02283	101.71172
	123	136.82475	122.447975	101.40466
	124	138.40666	119.53536	101.48791
	125	140.5152	116.8179	101.679016
	126	142.94815	113.79421	101.94177
	127	148.07216	106.67328	103.13602
	128	150.78831	103.79022	103.95398
	129	153.03558	100.27197	104.680016
	130	155.6549	96.64276	105.37024
	131	161.92299	89.894516	107.24194
	132	165.54349	87.62761	108.287476
	133	169.171	85.71838	109.07478
	134	172.44785	83.7296	109.93899
	135	179.77994	83.09845	111.57892
	136	182.62444	83.946686	112.25331
	137	185.90346	83.83206	112.90436
	138	188.26169	84.83804	113.65837
	139	191.56674	85.7688	114.70636
	140	192.81613	85.70079	115.07462
	141	194.1556	85.8801	115.265526
	142	194.5494	87.436554	115.336945
	143	195.02454	88.97058	115.60209
	144	194.93288	89.77704	115.75084
	145	194.66833	90.3611	115.89288
	146	194.25183	90.74182	115.71275
	147	193.24257	91.17857	115.60595
	148	192.63396	91.19183	115.62362
	149	191.9147	91.09265	115.57053
	150	191.26884	91.093094	115.50859
	151	190.34625	89.68532	115.35559
	152	189.69328	89.53209	115.169106
	153	188.9531	89.724655	114.98436
	154	188.58716	90.046326	114.72861
	155	187.56442	91.1521	114.1133
	156	187.97034	91.155	113.74018
	157	188.24013	91.60564	113.355804
	158	188.43051	90.61636	113.01929
	159	188.32054	90.22031	112.29144

Effects	3D Point Control #8	3D Point #2
	Frame	X pixels	Y pixels	Z pixels
	0	111.1082	150.33917	113.110985
	1	112.40427	142.33554	113.72044
	2	124.40134	123.67555	115.44046
	3	133.78337	114.49058	116.90816
	4	143.9223	109.8714	119.05089
	5	151.568	107.20154	120.73014
	6	163.4562	108.92308	124.46424
	7	169.21724	107.00392	125.13282
	8	174.74176	104.53749	125.216805
	9	178.06729	107.36485	125.758385
	10	178.54123	111.08275	125.63949
	11	177.29613	114.07539	125.12001
	12	175.91582	115.97046	124.110054
	13	174.47014	116.341675	122.67973
	14	168.02171	124.91106	120.355965
	15	162.7692	132.46646	119.205605
	16	157.82803	140.919	118.08983
	17	153.15231	149.33899	116.95688
	18	142.39851	168.33968	114.89801
	19	138.99072	174.29202	114.09638
	20	135.66762	179.29317	113.28464
	21	132.77359	184.02762	112.7705
	22	128.35016	189.73103	112.149025
	23	127.07623	191.7307	111.87757
	24	125.23447	193.07379	111.638596
	25	123.19951	194.75197	111.46796
	26	121.16765	195.09598	111.592064
	27	120.38231	194.34471	111.72092
	28	120.21622	191.37006	111.989006
	29	120.48413	186.39038	112.24623
	30	120.18933	181.2888	112.703285
	31	120.22656	173.96643	113.734856
	32	120.30441	168.64943	114.25728
	33	121.495316	161.40825	114.65405
	34	124.55939	153.2073	115.502075
	35	132.09715	132.52722	117.42908
	36	137.49606	122.47962	118.72473
	37	143.05368	112.433624	120.23567
	38	153.40219	99.71866	122.727646
	39	158.11958	93.70607	123.74234
	40	162.63109	88.42636	124.52435
	41	165.72356	87.592834	124.96334
	42	168.37613	93.29726	126.47905
	43	168.59738	100.02249	127.08944
	44	166.8389	104.995605	127.14467
	45	166.14214	109.783295	126.57473
	46	164.8815	116.567444	125.91551
	47	160.20795	132.26425	123.62702
	48	155.75822	142.43	122.1979
	49	151.82372	148.9781	120.5199
	50	142.69006	165.27338	117.02972
	51	139.03352	174.49213	115.444885
	52	135.53787	183.57724	114.17908
	53	132.6203	191.21783	112.92125
	54	131.24016	201.00006	111.05205
	55	131.1037	204.11462	110.4501
	56	132.43787	206.00507	109.90027
	57	134.32043	207.27287	109.799934
	58	135.31108	207.76428	109.69984
	59	135.75406	206.36836	109.60076
	60	135.76996	204.7091	109.60178
	61	134.00056	201.41675	109.627846
	62	131.45981	197.75346	109.81566
	63	128.86867	187.56184	110.5355
	64	127.61456	180.34045	111.04177
	65	126.70953	170.06593	111.63095
	66	129.637	148.92853	113.56445
	67	131.74815	137.25137	114.632225
	68	137.42322	122.00077	116.32493
	69	144.7195	111.37921	117.85852
	70	153.80688	104.16409	119.82312
	71	169.12437	90.462204	122.958466
	72	175.6348	84.50525	124.40319
	73	179.80429	87.56761	126.29924
	74	180.23196	87.85797	126.79812
	75	179.25009	96.69176	127.82252
	76	178.49667	104.223145	128.26128
	77	176.57071	112.910355	127.98201
	78	174.1266	131.2999	126.760185
	79	173.44662	138.54538	125.812744
	80	172.27887	144.75262	124.63917
	81	167.86775	151.54884	123.3837
	82	162.29073	159.94974	122.06014
	83	152.35645	177.0976	118.86772
	84	148.4421	185.56229	117.29179
	85	147.79784	189.0266	115.56083
	86	146.67262	195.999	114.468704
	87	144.72403	209.34235	112.55048
	88	144.12378	212.16612	111.71986
	89	144.3097	212.62262	110.95307
	90	144.32472	212.02466	110.34986
	91	139.89737	207.72513	109.6516
	92	137.20717	205.02527	109.33098
	93	132.76076	198.92682	109.09278
	94	128.30644	192.03384	108.935036
	95	116.874115	171.66428	108.713684
	96	113.09581	161.31445	108.95793
	97	109.02928	146.31845	109.392784
	98	108.698	131.59332	110.00992
	99	113.57732	108.69679	112.377716
	100	121.03053	101.24701	113.68877
	101	129.95206	96.78993	115.47159
	102	139.44238	96.468216	117.40142
	103	152.02321	104.634445	121.22029
	104	156.34962	110.34909	122.85485
	105	159.95872	117.099884	123.84756
	106	162.75964	123.19014	123.96861
	107	160.58679	134.40616	123.64619
	108	158.68076	140.20969	123.14585
	109	156.6324	145.8311	122.52196
	110	152.4268	151.7726	121.66525
	111	143.9791	167.39856	119.427765
	112	138.325	176.3065	118.21451
	113	133.51938	184.80562	116.80211
	114	129.28197	192.49751	115.360435
	115	127.18919	203.26057	112.20294
	116	127.57262	209.48077	111.11245
	117	129.02756	214.75096	110.14752
	118	128.97972	217.9236	109.49141
	119	129.44507	216.9523	108.53039
	120	128.24556	214.53012	107.9163
	121	125.190094	211.09161	107.286514
	122	122.927536	207.44531	106.877266
	123	118.29094	199.33078	106.14194
	124	116.62561	195.68315	105.99723
	125	114.310745	192.51129	105.92365
	126	113.184265	189.94806	106.112114
	127	110.90323	178.62749	106.9767
	128	109.308044	174.35161	107.655014
	129	108.85509	168.841	108.22412
	130	108.166016	162.61758	108.93681
	131	108.13974	151.80466	110.41213
	132	109.64987	145.84167	111.27059
	133	114.34909	139.70422	112.38026
	134	117.74312	135.63805	113.3336
	135	126.00845	130.66667	115.01199
	136	131.55307	132.92221	116.25359
	137	137.34816	133.82637	117.20083
	138	142.14124	134.18707	117.9968
	139	151.97563	138.12003	119.746635
	140	154.54881	140.42615	120.27355
	141	157.19992	141.64862	120.76138
	142	159.11252	144.02692	121.00679
	143	162.14954	147.4834	121.389404
	144	162.90567	148.24997	121.344925
	145	163.20139	148.88843	121.348526
	146	163.62373	149.32996	121.199585
	147	161.56136	149.69012	120.888245
	148	161.108	150.14659	120.57105
	149	159.37726	150.01236	120.08635
	150	157.48534	149.87956	119.44342
	151	156.15004	149.84396	118.33607
	152	155.5587	149.52528	117.743614
	153	155.01234	149.4591	117.097595
	154	153.76707	149.21753	116.3504
	155	153.0936	149.18488	115.03887
	156	152.79898	149.02391	114.470055
	157	152.96558	148.70496	113.88792
	158	153.04347	148.20306	113.343636
	159	150.35204	148.70746	112.61245

Effects	3D Point Control #9	3D Point #2
	Frame	X pixels	Y pixels	Z pixels
	0	113.40669	221.65923	110.72021
	1	114.91278	212.60341	110.98219
	2	121.79669	188.05307	111.6598
	3	128.49739	173.41658	111.49283
	4	135.28596	158.10153	111.53018
	5	143.15154	145.49213	111.513504
	6	160.87282	124.46506	112.126564
	7	168.82262	116.282295	112.109116
	8	175.32341	112.756454	112.03587
	9	179.21918	113.204865	112.30924
	10	179.53026	122.26577	112.544075
	11	177.32805	129.95708	112.564156
	12	172.86337	138.5734	112.29231
	13	166.01219	149.20071	112.28616
	14	152.04053	173.8269	112.172905
	15	146.30272	188.5962	111.97997
	16	139.34636	202.99977	112.04664
	17	133.21844	216.33289	112.40932
	18	120.850555	242.51738	112.93843
	19	116.185	250.39706	113.187935
	20	113.37387	257.07944	113.386444
	21	112.957825	264.03403	113.371445
	22	110.37225	271.24814	113.06261
	23	110.924164	273.1733	112.918686
	24	109.95409	274.56296	112.60266
	25	112.65079	276.40167	112.91991
	26	116.71129	276.6187	113.284706
	27	119.23123	275.56274	113.280014
	28	122.977936	272.0095	113.37819
	29	124.94943	266.4337	113.2328
	30	126.08063	259.70905	113.16352
	31	128.93071	248.79309	113.50877
	32	128.72455	241.5675	113.56864
	33	130.86537	232.27878	113.294014
	34	131.99977	222.65378	113.20008
	35	133.87161	196.64577	113.17219
	36	136.28325	182.01193	113.28045
	37	138.8009	166.51788	113.53487
	38	142.5693	143.9092	114.39815
	39	147.10388	136.19359	115.08385
	40	150.34874	130.30168	115.548004
	41	153.31303	126.75314	115.9755
	42	157.90034	126.53665	116.41547
	43	159.52621	129.31189	116.485214
	44	160.47552	134.49304	116.42648
	45	159.18541	143.19324	116.32029
	46	155.9401	152.76613	116.13746
	47	151.17622	179.78032	115.2518
	48	147.34525	196.11247	114.58821
	49	145.31367	207.14365	113.950874
	50	137.81	232.84909	112.61484
	51	134.82013	245.44765	111.942505
	52	131.9486	257.60638	111.375
	53	130.55792	268.08887	110.95076
	54	128.2137	280.84726	109.898315
	55	128.88199	284.75513	109.459236
	56	130.36276	286.6633	109.11101
	57	133.99725	287.88235	108.7578
	58	137.77771	288.15927	108.73949
	59	146.9097	285.22513	108.90051
	60	150.58191	282.4334	109.07773
	61	153.2102	277.95166	109.4062
	62	155.2468	272.46124	110.07023
	63	155.59695	259.24887	110.91692
	64	154.52835	250.76382	111.37079
	65	153.73932	239.52937	112.21273
	66	149.97356	218.21306	112.92734
	67	149.1486	204.74815	112.89944
	68	147.78964	186.39598	113.076996
	69	145.929	171.45512	112.73713
	70	144.91211	156.98805	112.76557
	71	144.96637	128.44864	114.21795
	72	146.42879	115.340645	114.52273
	73	148.18056	105.417206	114.82153
	74	149.13423	98.88426	114.740395
	75	150.49619	92.930115	114.64958
	76	149.9905	96.24129	114.73003
	77	148.08763	101.45494	114.35971
	78	140.27179	122.159546	113.52643
	79	135.29698	136.75394	112.8842
	80	130.35316	154.62518	112.579346
	81	125.133026	175.51878	112.32841
	82	119.55527	194.5492	111.91339
	83	112.313614	230.50938	110.73901
	84	111.68056	246.87415	109.97827
	85	116.5235	257.76236	110.395325
	86	120.22952	269.54755	110.047485
	87	130.31473	290.29108	109.69155
	88	140.62775	294.22928	110.039185
	89	147.62347	295.02838	110.09253
	90	153.1934	293.45465	110.91298
	91	155.96027	286.30148	112.109375
	92	156.42444	280.74216	113.29342
	93	155.84445	272.77426	113.943634
	94	152.30533	266.58148	113.556274
	95	144.1374	245.38156	113.62472
	96	138.0104	236.5233	112.988785
	97	131.68474	222.3863	111.94997
	98	123.1151	207.29305	110.75616
	99	109.291	177.73022	109.35855
	100	106.30611	163.25195	109.22742
	101	103.32875	148.75096	109.18371
	102	101.769135	133.42564	109.19806
	103	101.982056	107.77855	110.40117
	104	102.98241	99.47888	111.50044
	105	105.61951	94.47864	112.33438
	106	105.97139	92.436874	113.41957
	107	100.61835	100.85161	114.17224
	108	95.250854	110.431564	113.92987
	109	89.802475	124.29827	113.35865
	110	83.90535	141.84535	112.48688
	111	74.63817	183.83548	111.11015
	112	71.013794	205.46973	110.04343
	113	71.349106	227.9421	109.32537
	114	79.83255	250.90236	109.160995
	115	108.737335	280.47992	109.73737
	116	122.47826	290.75848	109.702095
	117	136.58253	296.3149	110.292015
	118	148.88942	297.25128	110.966896
	119	168.29485	289.3443	111.235115
	120	173.19684	283.16885	111.32064
	121	175.34933	276.1559	111.16383
	122	173.7422	271.69934	111.221985
	123	167.71577	262.76752	111.63618
	124	162.0871	261.1315	111.70044
	125	155.05994	260.228	111.64917
	126	147.5179	259.6826	111.81359
	127	122.49831	254.88422	109.82096
	128	109.246185	251.49092	108.962845
	129	96.42775	244.30902	107.63352
	130	85.057465	235.0889	106.648544
	131	65.55351	213.88608	105.32137
	132	59.18161	200.67831	105.233505
	133	55.427887	183.50435	105.398026
	134	52.362976	170.09595	105.50611
	135	53.1969	147.90466	106.509995
	136	56.483734	138.32733	107.23952
	137	62.22171	132.69421	108.13039
	138	67.25084	130.05591	108.7815
	139	78.076416	131.3522	110.58882
	140	79.63234	133.6275	111.47219
	141	82.472855	137.77322	112.1835
	142	83.95833	142.99287	113.02094
	143	87.53508	150.17209	114.01013
	144	88.415054	151.23906	114.356186
	145	88.85071	151.82794	114.45791
	146	89.30737	149.96622	114.73311
	147	86.59332	143.57486	114.39542
	148	86.38272	140.72568	113.9445
	149	84.5271	137.44968	113.61722
	150	82.24715	135.20177	112.97536
	151	80.543304	131.41461	111.45711
	152	79.69307	130.53928	110.76305
	153	79.15491	129.47902	109.76662
	154	77.732254	129.37405	108.52848
	155	78.39722	130.38574	105.5874
	156	79.65619	132.4891	104.12313
	157	82.477356	135.86996	102.6719
	158	87.74373	138.99834	101.18993
	159	111.11325	148.77954	98.83343

Effects	3D Point Control #10	3D Point #2
	Frame	X pixels	Y pixels	Z pixels
	0	231.39722	202.70122	130.54909
	1	232.5701	204.30055	130.20457
	2	235.0566	209.46411	129.52534
	3	236.68304	209.78317	129.52611
	4	238.58179	208.67429	129.81226
	5	240.14001	209.80385	129.81258
	6	244.7415	212.60643	129.76308
	7	246.40762	213.6488	129.61064
	8	247.926	214.2635	129.57286
	9	249.44418	216.09659	129.60066
	10	250.80505	216.1798	129.55482
	11	251.87326	215.28647	129.57188
	12	252.79428	214.2976	129.68945
	13	253.4982	212.24081	129.82591
	14	252.33919	210.44084	129.59325
	15	252.00009	208.61136	129.68947
	16	250.41238	208.48012	129.73228
	17	248.53986	207.7761	129.8021
	18	242.74545	207.54843	129.92534
	19	238.96786	207.49213	129.7745
	20	234.6972	205.66405	129.82889
	21	231.02484	202.95712	129.98465
	22	224.69507	200.73851	129.97433
	23	222.20831	200.29323	130.00623
	24	219.79845	199.18843	129.98865
	25	217.76059	197.866	130.10103
	26	215.38904	197.0073	130.22609
	27	215.05264	197.827	130.1085
	28	214.68478	198.89828	129.96939
	29	214.71259	199.782	129.85796
	30	215.08441	199.82497	129.75049
	31	216.31424	202.0351	129.32695
	32	219.75378	203.9686	128.952
	33	223.17911	205.03629	129.13838
	34	227.59708	206.4032	129.22923
	35	233.63162	207.72157	129.54529
	36	235.44067	208.75687	129.76189
	37	236.89825	211.84416	129.51723
	38	238.25607	214.84564	129.46068
	39	238.8775	215.31871	129.55919
	40	239.08118	215.16536	129.51036
	41	240.15015	213.3183	129.34764
	42	242.18045	212.46713	129.52802
	43	242.11423	211.81244	129.46338
	44	241.72943	212.0095	129.41565
	45	241.8737	212.33357	129.19553
	46	241.59302	212.90384	129.03963
	47	242.90292	209.55289	129.18054
	48	241.37045	208.33461	128.96233
	49	240.93164	207.28143	128.7523
	50	236.6015	205.38058	128.5986
	51	233.63191	202.712	128.76045
	52	230.74136	200.89957	128.93837
	53	227.56897	199.28758	128.90126
	54	221.99353	199.46767	128.716
	55	219.63876	198.66002	128.6507
	56	218.24207	198.16634	128.59566
	57	217.3598	197.93973	128.60173
	58	216.93085	198.11119	128.6215
	59	215.91568	197.87784	128.64366
	60	215.48663	197.2616	128.65268
	61	215.60489	196.33865	128.6626
	62	216.25839	196.62552	128.6202
	63	218.23355	197.92766	128.46805
	64	219.92398	200.76617	128.2348
	65	221.46793	203.23279	128.18683
	66	226.30984	205.6275	127.867065
	67	228.67432	207.07431	127.876816
	68	230.61142	209.1692	127.910545
	69	232.64377	212.14006	127.641594
	70	233.19528	214.60875	127.46398
	71	235.17688	215.40189	127.54515
	72	236.0654	215.66797	127.529945
	73	237.53175	215.3406	127.41921
	74	240.11801	214.0251	127.436325
	75	245.61072	214.30539	126.8326
	76	247.19897	214.51047	126.69074
	77	248.5373	213.82695	126.49896
	78	249.33514	211.5292	126.494576
	79	249.35321	210.8259	126.31992
	80	247.90097	211.02751	126.25959
	81	248.949	212.53722	125.97493
	82	249.26547	211.89957	126.19673
	83	245.97876	206.76308	127.140724
	84	242.63885	204.732	127.501274
	85	238.99423	203.48251	127.87727
	86	236.74817	201.5509	128.19075
	87	232.28152	199.61569	129.17184
	88	228.89914	198.228	129.35184
	89	225.0073	197.27301	129.3768
	90	223.19144	196.91576	129.3407
	91	218.27284	194.49715	129.25131
	92	216.62225	193.8025	129.1034
	93	215.23193	193.58026	128.84651
	94	214.02383	195.39066	128.35542
	95	212.81705	198.78867	127.99068
	96	212.53915	199.45647	127.88984
	97	213.45161	200.32718	127.66279
	98	214.2294	201.68073	127.39478
	99	216.1672	205.199	126.72548
	100	217.03622	209.12456	126.64585
	101	218.60521	210.37617	126.51304
	102	220.63864	211.65076	126.10404
	103	224.90045	211.30467	125.8123
	104	227.14479	211.72733	125.68597
	105	229.81244	213.2738	125.20902
	106	232.7497	214.14905	124.88113
	107	237.38129	215.30264	123.91359
	108	239.37265	214.49464	123.83574
	109	241.2319	212.9435	123.95751
	110	241.12807	211.4893	123.83359
	111	238.63242	210.45744	123.82524
	112	240.07935	208.72917	124.02198
	113	239.96112	207.07358	124.41321
	114	238.83841	203.22986	124.912895
	115	233.57416	196.7355	125.872246
	116	229.17328	195.4242	126.298584
	117	225.70764	193.488	126.47754
	118	221.6991	193.30486	126.56488
	119	214.91486	191.76823	126.76905
	120	212.00632	192.39668	126.69763
	121	207.95267	192.32817	126.601204
	122	204.10599	193.9317	126.174805
	123	199.31378	194.70395	125.71665
	124	198.27509	195.95802	125.526825
	125	197.88261	197.38744	125.37176
	126	197.6465	198.76414	125.206505
	127	199.33228	205.50589	124.25815
	128	201.30186	208.52011	123.831985
	129	203.0365	209.7035	123.44439
	130	204.76404	209.92285	123.130905
	131	208.4917	211.35963	122.16613
	132	211.63718	212.01657	121.657776
	133	214.41302	211.97603	121.322464
	134	216.63058	211.85803	120.851814
	135	221.65753	213.63382	119.76566
	136	223.445	214.80772	119.57427
	137	224.27458	215.41432	119.20724
	138	225.51334	216.56537	118.63783
	139	227.32056	217.24411	117.97945
	140	229.04926	216.70628	117.40928
	141	230.2176	216.74219	117.25648
	142	231.32784	217.97557	116.895
	143	231.59149	219.16519	116.542854
	144	232.06561	219.57037	116.42214
	145	232.52785	219.61603	116.10449
	146	233.14285	219.95108	116.004944
	147	235.49646	219.39786	115.734314
	148	236.25644	218.76068	115.405106
	149	236.45709	218.34839	115.21589
	150	236.45537	218.21635	115.16435
	151	236.51892	216.75665	115.21591
	152	237.01794	216.53357	115.29452
	153	237.66568	216.53027	115.34507
	154	239.236	216.54626	115.45859
	155	240.71439	217.6163	115.646194
	156	242.17343	217.7214	115.88327
	157	244.54868	217.73705	116.082146
	158	245.13684	216.92206	116.53174
	159	247.38226	215.99591	117.12991

Effects	3D Point Control #11	3D Point #2
	Frame	X pixels	Y pixels	Z pixels
	0	248.6318	297.82495	134.35199
	1	249.88037	299.73294	133.92354
	2	251.81613	305.7929	132.83247
	3	255.15994	305.98495	132.65793
	4	256.9439	305.19714	132.41275
	5	257.97336	306.99756	131.66313
	6	260.99963	310.3449	131.28381
	7	261.36664	311.62738	131.21684
	8	260.50494	312.42206	131.34119
	9	260.42892	314.09604	131.6908
	10	259.64734	313.979	132.10258
	11	259.7314	313.04758	132.237
	12	259.53662	312.0739	132.34363
	13	259.78317	310.00854	132.45984
	14	258.21872	308.77075	131.88051
	15	258.6539	306.5973	132.25267
	16	256.7593	306.35733	132.4012
	17	255.79535	305.44815	132.59196
	18	254.44891	304.56882	132.88403
	19	254.02567	303.995	132.93826
	20	254.22287	300.8701	133.49855
	21	254.60129	297.01334	133.93011
	22	253.25534	293.45438	134.1846
	23	252.85948	292.06848	134.54031
	24	252.4347	290.01312	134.87871
	25	251.8354	287.96048	135.20937
	26	250.71475	286.79004	135.23363
	27	250.85075	287.62866	135.01419
	28	250.12326	289.1028	134.70117
	29	249.3291	290.10168	134.78207
	30	248.7107	290.33575	134.85497
	31	246.89944	294.15927	134.0643
	32	247.87112	297.26913	133.41606
	33	246.61507	298.9876	133.75764
	34	246.88617	301.33743	133.5744
	35	247.58224	304.7271	132.3968
	36	246.91766	306.68036	131.71263
	37	245.38043	310.69397	130.8645
	38	242.22147	313.03464	131.84322
	39	241.65134	312.62878	132.7135
	40	241.18442	312.23096	132.96344
	41	241.99954	310.03418	133.23938
	42	242.68968	309.43323	133.15456
	43	242.58792	309.32153	132.68092
	44	243.27515	309.87747	132.34564
	45	244.93216	310.818	131.65326
	46	245.82664	311.79187	131.17076
	47	248.14142	308.1957	131.51143
	48	247.45422	307.02094	131.41165
	49	249.7254	305.65494	131.50436
	50	250.11446	301.77353	132.82756
	51	250.5693	297.66348	133.73013
	52	251.18344	294.25232	134.61148
	53	251.87117	291.6343	134.82796
	54	252.26443	289.81363	135.13098
	55	252.99854	287.2299	135.65363
	56	253.83133	285.35815	136.04358
	57	255.17119	283.87473	136.33252
	58	256.5371	283.17172	136.4547
	59	256.36615	282.692	136.4629
	60	255.41919	282.654	136.28874
	61	254.51538	283.20892	135.65108
	62	252.75134	284.75043	135.38983
	63	248.70499	289.07123	134.5053
	64	246.83316	293.84033	133.55199
	65	245.18524	297.82965	132.83994
	66	243.18848	303.06625	131.2452
	67	242.9736	305.67065	130.39653
	68	242.10431	308.93256	129.27286
	69	242.31403	312.76514	128.40675
	70	240.0661	315.54156	128.33739
	71	239.26454	316.1345	128.83969
	72	239.64282	316.0585	129.25769
	73	240.32614	315.64655	129.37015
	74	241.88788	313.9162	129.81532
	75	243.81464	314.07123	129.68552
	76	244.33423	314.32178	129.57915
	77	246.0927	314.05487	129.19261
	78	247.54333	312.43427	128.61484
	79	248.02228	311.95157	128.38971
	80	247.07007	311.8025	128.71951
	81	249.57155	313.40247	128.55203
	82	249.7712	311.32043	129.79105
	83	249.47607	305.2436	131.07544
	84	250.17609	302.43924	131.74182
	85	250.34448	300.11935	132.54231
	86	252.20111	297.2275	133.11185
	87	251.7464	294.46454	133.8304
	88	250.62096	293.2463	133.41273
	89	249.1809	292.0987	133.16225
	90	250.11636	291.25073	132.9952
	91	246.30165	288.2179	133.44641
	92	244.75099	287.38138	133.5623
	93	241.3347	287.7459	133.42485
	94	237.54202	290.05756	133.24805
	95	230.09738	294.724	132.83351
	96	225.87253	296.36374	132.35585
	97	222.78702	298.6145	131.30302
	98	219.57858	301.16272	130.22008
	99	219.31062	306.56186	128.13185
	100	220.21182	310.64368	127.9588
	101	222.18073	311.86337	128.00156
	102	223.39165	313.61066	127.43418
	103	224.30527	313.03595	127.64197
	104	225.20364	313.49316	127.554955
	105	226.44199	315.2263	127.19791
	106	227.87675	316.04626	127.080246
	107	230.76428	317.09595	126.73744
	108	231.57779	315.3448	127.34183
	109	233.7041	314.04846	127.28325
	110	234.38133	312.81937	127.1623
	111	239.74512	309.7765	128.77872
	112	245.69678	307.22113	129.43478
	113	247.10837	304.83545	130.16447
	114	248.44003	300.6114	130.71907
	115	249.1911	292.8039	131.90422
	116	247.14178	291.03592	132.28247
	117	246.93344	288.40762	132.54153
	118	243.8335	287.87897	132.76077
	119	241.61786	285.8178	132.63092
	120	239.24362	286.75296	132.29439
	121	235.73248	286.1605	132.57446
	122	232.38223	287.88608	132.19536
	123	225.92493	288.65402	132.23569
	124	222.78491	290.9101	131.73547
	125	219.9512	293.2752	131.28975
	126	216.57455	295.5595	130.8755
	127	211.29114	304.60318	129.13264
	128	210.62976	308.8247	128.11781
	129	210.03305	310.55267	127.62351
	130	211.31442	311.96408	126.58024
	131	215.29199	315.6378	124.29385
	132	217.64246	316.97864	123.5911
	133	219.02417	317.41345	123.12822
	134	220.04141	317.19876	123.150314
	135	223.3381	318.2201	123.35672
	136	223.30206	318.2502	123.96569
	137	222.72678	318.86102	123.77525
	138	222.90115	320.17194	123.359505
	139	222.99202	320.41388	123.19925
	140	223.8691	319.7636	122.926476
	141	223.20862	319.13266	123.08424
	142	222.9675	320.7221	122.59757
	143	220.81006	321.29578	122.51295
	144	221.16788	321.94144	122.31413
	145	221.72458	322.18408	122.04238
	146	222.60403	321.66315	122.39039
	147	223.39485	320.50177	122.410675
	148	223.60095	319.56177	122.315704
	149	223.62009	318.3604	122.52438
	150	223.85135	318.12582	122.56067
	151	224.95958	316.59198	122.741356
	152	227.15796	316.3266	122.927765
	153	227.95676	317.06	122.66042
	154	229.81042	317.30084	122.66324
	155	230.10562	317.42606	123.08951
	156	232.22159	318.1083	123.037766
	157	235.212	317.6157	123.43527
	158	234.63371	316.4933	123.8089
	159	236.59149	316.1224	123.951675

Effects	3D Point Control #12	3D Point #2
	Frame	X pixels	Y pixels	Z pixels
	0	278.07217	391.8118	135.87888
	1	277.30768	392.41272	135.58159
	2	276.53537	394.6687	135.27399
	3	277.63254	392.1817	135.64404
	4	277.9176	390.2411	135.88971
	5	278.31674	393.2251	135.35829
	6	278.95914	393.07162	135.26163
	7	278.86615	393.2512	135.20908
	8	278.48456	392.42603	135.39127
	9	278.80994	393.52686	135.54164
	10	278.4267	391.12067	135.61218
	11	278.47882	391.001	135.56886
	12	278.65857	390.89655	135.66809
	13	278.9312	390.04663	135.66113
	14	276.9515	391.73032	135.32172
	15	277.35605	390.0119	135.62189
	16	275.9511	391.5065	135.50179
	17	275.67245	390.7921	135.51524
	18	274.4014	391.58948	135.47322
	19	274.00836	392.29993	135.11342
	20	274.69556	390.50757	135.2907
	21	277.35645	389.48297	135.51567
	22	282.16522	389.3355	135.92145
	23	283.55753	386.6699	136.4645
	24	284.24084	383.55182	136.67114
	25	285.1201	381.30002	136.90436
	26	284.91953	381.96417	136.76872
	27	283.9512	383.47253	136.42488
	28	281.00653	385.10077	136.25789
	29	278.0422	385.3949	135.88597
	30	274.1026	386.4803	135.53844
	31	263.31598	390.6095	135.02206
	32	260.90704	392.63037	134.54472
	33	258.08365	391.1419	135.02855
	34	257.8761	392.04486	134.8837
	35	257.10516	391.92093	134.63055
	36	256.7989	392.7834	134.69768
	37	256.43787	395.47757	134.33476
	38	254.64258	393.3584	134.71986
	39	254.56216	391.64407	134.8758
	40	254.2554	391.2967	134.73741
	41	255.34644	389.4925	134.57791
	42	255.9094	391.5431	135.05275
	43	255.00206	391.17133	134.87207
	44	254.8093	391.60455	134.84575
	45	255.6186	392.17395	134.67644
	46	255.54398	392.5734	134.7149
	47	256.07227	390.2386	134.83897
	48	254.62097	391.3119	134.65306
	49	255.83694	391.43164	134.61824
	50	254.69987	391.22375	134.80862
	51	256.93896	388.79358	134.91505
	52	260.72595	388.82953	134.87688
	53	266.10037	387.74313	134.85533
	54	277.75458	381.26453	136.13065
	55	281.85712	374.34717	137.02357
	56	287.51337	371.03558	137.86168
	57	290.78635	369.76053	138.63628
	58	293.4427	368.69806	139.08427
	59	294.01132	368.6529	138.92651
	60	291.6811	370.35733	138.24762
	61	289.17517	373.47473	137.5283
	62	285.564	378.66766	136.6155
	63	276.9825	388.24557	134.38914
	64	271.03305	394.41455	133.4637
	65	264.01752	396.3045	133.1044
	66	258.06415	397.1682	132.29155
	67	256.7477	396.80206	132.38985
	68	256.4982	397.6831	132.3044
	69	257.02893	398.6667	131.92645
	70	256.52777	398.57782	131.92151
	71	256.61356	397.00793	132.04767
	72	256.73868	397.36414	132.16013
	73	257.97797	397.3833	132.10425
	74	259.60736	396.24185	132.27798
	75	259.60254	397.37177	132.08424
	76	259.04065	397.5879	132.34274
	77	259.15955	396.5495	132.30058
	78	258.52563	394.86224	132.46423
	79	258.32562	395.70374	132.31384
	80	256.9078	396.51117	132.50127
	81	258.9664	397.96835	132.34056
	82	257.79495	394.61948	132.74953
	83	255.69559	392.85757	132.74815
	84	256.83847	393.5436	132.84612
	85	258.06488	393.3521	133.0607
	86	262.01282	390.89642	133.20174
	87	269.198	386.7442	134.39633
	88	271.70184	385.38782	134.40565
	89	273.34894	383.849	134.93474
	90	276.48532	383.58057	135.44633
	91	273.9857	381.55444	134.93138
	92	271.50134	383.28235	134.35486
	93	268.02206	385.83368	133.64113
	94	263.5548	391.07172	132.7033
	95	252.36646	394.53864	132.17902
	96	246.07132	395.28043	131.81029
	97	241.3797	395.73212	131.59296
	98	237.43864	396.14996	131.53183
	99	235.1127	395.5918	131.31543
	100	235.10342	397.12665	131.3145
	101	235.85736	394.92358	131.08507
	102	236.63419	396.05945	130.77252
	103	236.86218	395.39716	130.92168
	104	237.1583	395.69467	131.11652
	105	237.72226	396.98663	130.79988
	106	238.30939	396.25208	131.04028
	107	238.15681	395.40466	131.10757
	108	238.97693	393.88754	131.3709
	109	239.64758	393.58514	131.79736
	110	238.36244	393.3342	131.53639
	111	239.06888	394.84653	131.48125
	112	242.25311	394.65125	131.67155
	113	242.76685	395.3273	131.67412
	114	244.57971	393.12726	131.64813
	115	251.56508	395.42328	131.64241
	116	256.89255	395.0815	131.80492
	117	264.7841	391.24225	132.0504
	118	269.8537	389.10974	132.4978
	119	275.91614	383.40564	133.68161
	120	274.40958	383.2018	133.70192
	121	269.84778	382.16248	133.41544
	122	265.46185	385.58316	132.70279
	123	257.3887	388.23492	131.50632
	124	251.64822	393.11652	130.89658
	125	244.37039	396.8495	130.46179
	126	235.74152	399.5052	130.21747
	127	225.85608	402.6122	129.2502
	128	224.17586	402.16907	129.04443
	129	223.1766	400.2401	128.72902
	130	223.93417	400.13873	128.4461
	131	224.95343	401.48904	127.94984
	132	226.90973	401.05057	127.81777
	133	227.36215	400.16168	127.93486
	134	227.02777	399.59833	127.69091
	135	227.20844	401.19705	127.658585
	136	226.90927	400.43082	128.13678
	137	226.24905	400.22314	127.9239
	138	226.9208	400.976	127.601074
	139	226.83617	399.9256	127.53133
	140	227.24734	400.2802	127.24812
	141	226.40945	400.5791	127.55731
	142	226.20012	402.24017	127.31921
	143	225.41003	401.04742	127.34239
	144	225.68967	401.65692	127.451706
	145	225.93764	401.7155	127.193436
	146	225.90309	401.57703	127.40538
	147	225.77563	401.3214	127.355804
	148	225.82538	401.27014	127.17694
	149	225.32591	401.21774	127.31243
	150	225.2645	401.24384	127.44878
	151	224.59488	400.6131	127.474846
	152	225.58594	400.15085	127.54714
	153	226.02032	400.5485	127.459145
	154	227.15771	400.7144	127.54205
	155	226.87503	400.90683	127.54891
	156	227.91284	400.6121	127.63282
	157	228.41241	399.867	127.671135
	158	227.02359	398.44653	128.00797
	159	227.81537	398.64877	128.149

Effects	3D Point Control #13	3D Point #2
	Frame	X pixels	Y pixels	Z pixels
	0	185.79927	207.30475	126.18917
	1	186.1188	205.23453	126.31753
	2	188.36902	202.64879	126.8611
	3	190.8291	199.56378	127.357544
	4	193.62851	195.35745	127.97602
	5	195.97746	194.05916	128.2162
	6	202.4267	193.06363	128.9787
	7	204.88568	192.83417	129.12619
	8	206.85587	192.6796	129.23601
	9	208.44724	194.40105	129.33191
	10	209.78339	194.47049	129.34366
	11	210.48193	194.18967	129.3095
	12	210.86581	194.12274	129.27791
	13	210.91885	193.31444	129.23688
	14	208.06924	194.75381	128.45885
	15	207.00806	195.01797	128.27821
	16	204.64655	197.40244	127.85856
	17	202.19917	199.73306	127.519844
	18	196.33798	206.9562	126.37821
	19	193.05894	209.86916	125.666466
	20	189.70297	211.31453	125.12746
	21	187.17563	211.69952	124.923134
	22	182.64223	213.34628	124.37274
	23	181.10501	214.29454	124.137405
	24	179.22589	214.08464	124.003174
	25	177.66045	213.2981	123.99124
	26	175.24167	212.41862	124.07819
	27	174.23837	212.67004	124.07193
	28	172.77153	212.09578	124.05116
	29	172.03763	211.63992	124.04541
	30	171.4017	209.92542	124.133026
	31	170.27911	206.64407	124.48302
	32	172.9025	206.10571	124.55828
	33	176.08032	205.19217	125.1599
	34	180.31561	204.51575	125.75997
	35	186.87671	200.53137	127.39859
	36	189.56847	198.8014	128.20952
	37	192.12054	199.02568	128.76627
	38	196.51242	197.42133	130.01764
	39	198.33426	196.4022	130.53615
	40	199.68555	194.86526	130.85373
	41	201.66379	192.19946	131.0262
	42	204.42781	190.80875	131.46422
	43	204.35986	190.1484	131.42699
	44	203.55786	190.69089	131.28659
	45	202.79028	192.06482	130.93407
	46	201.43137	193.92715	130.55963
	47	198.98065	196.05145	129.4181
	48	196.28152	197.318	128.65004
	49	194.52917	199.80644	127.784584
	50	189.31595	204.91434	126.190094
	51	186.69995	206.14359	125.562546
	52	184.91702	208.13397	125.02965
	53	183.1694	209.85587	124.35478
	54	180.61908	214.73512	123.17948
	55	179.34222	215.42001	122.836876
	56	178.53168	215.80283	122.643974
	57	178.03154	216.07127	122.5459
	58	177.87468	216.51842	122.48801
	59	176.45927	215.502	122.44735
	60	175.67929	214.2721	122.45234
	61	175.3225	212.58292	122.49523
	62	175.24112	211.64719	122.502075
	63	175.13287	209.0323	122.57936
	64	175.33011	208.7379	122.624626
	65	175.69872	207.9289	122.97896
	66	178.89127	201.87418	124.26353
	67	181.85239	198.34691	125.38673
	68	185.11726	196.6969	126.27326
	69	189.18318	195.39946	127.22738
	70	192.44626	194.71074	128.05835
	71	198.37805	191.41724	129.30035
	72	200.64543	190.62408	129.70685
	73	202.91074	190.00479	129.94421
	74	205.8123	188.80258	130.17786
	75	210.73218	191.25113	130.08408
	76	211.93997	192.37782	130.0562
	77	212.57925	192.89597	129.911
	78	211.3818	193.0673	129.64359
	79	209.65411	194.41452	129.14026
	80	206.7539	196.5943	128.73665
	81	205.43787	202.31203	127.93761
	82	204.10822	205.37668	127.40981
	83	198.91498	207.9708	126.355125
	84	195.6081	209.34795	125.83413
	85	192.6416	211.90173	125.14714
	86	191.97104	213.73425	124.6958
	87	191.61559	217.67067	124.3685
	88	189.89694	217.58018	124.038635
	89	186.89883	216.87752	123.614975
	90	185.51062	216.55597	123.32683
	91	180.14793	212.7628	122.928535
	92	177.76627	210.7548	122.70681
	93	175.23563	208.66832	122.43375
	94	172.03041	207.14606	122.0312
	95	168.94394	205.20322	121.73877
	96	167.39178	202.54514	121.91058
	97	167.22311	200.01245	122.139694
	98	167.17105	197.60687	122.49979
	99	169.46683	192.8234	123.698975
	100	171.26006	193.78377	124.41206
	101	174.06639	192.36438	125.10244
	102	177.09583	192.21931	125.42917
	103	183.31683	190.079	126.305565
	104	186.18164	190.49283	126.66011
	105	188.90372	192.98468	126.637856
	106	191.87433	195.03543	126.71309
	107	196.97757	198.87991	126.68165
	108	198.65614	199.54166	126.738945
	109	199.69989	199.8064	126.788864
	110	198.47903	200.568	126.47371
	111	193.48361	204.67558	125.68735
	112	193.16315	208.37329	124.969864
	113	192.6672	211.75313	124.40772
	114	191.91176	213.0442	123.81697
	115	189.99982	214.70653	122.90789
	116	187.31056	215.81279	122.57847
	117	185.12119	215.45398	122.3031
	118	181.81302	215.90753	121.94811
	119	175.6253	214.43213	121.61134
	120	172.33704	214.09753	121.28433
	121	167.78763	212.77328	120.93737
	122	162.59363	211.94362	120.287575
	123	156.0404	208.62796	119.56363
	124	154.41505	208.09358	119.24008
	125	153.56908	207.78873	118.96905
	126	152.83086	207.17729	118.71772
	127	152.67172	207.95729	117.947975
	128	153.6682	207.94656	117.882416
	129	154.588	206.32349	117.977585
	130	155.79236	203.92801	118.18384
	131	159.10747	200.20215	118.51061
	132	162.47865	199.00491	118.83053
	133	165.69246	197.60135	119.154785
	134	168.35239	196.30878	119.34181
	135	174.41248	196.70854	119.45377
	136	176.88037	197.4529	119.73816
	137	178.52553	197.26971	119.85091
	138	180.44775	198.3925	119.8228
	139	183.33478	199.25482	119.90019
	140	184.9951	199.45352	119.550705
	141	186.37106	199.62184	119.55615
	142	187.09317	201.36711	119.20054
	143	187.19872	202.88812	118.91181
	144	187.54501	203.68741	118.8249
	145	187.69717	204.31894	118.52244
	146	187.97119	204.93878	118.34299
	147	189.58469	205.72165	117.99904
	148	189.81754	205.83205	117.60017
	149	189.62576	205.85034	117.323135
	150	189.3827	205.94536	117.1999
	151	189.05704	204.73347	117.08995
	152	189.10876	204.77689	116.96983
	153	189.33128	205.16005	116.839645
	154	190.30856	205.72577	116.67987
	155	190.79837	207.39655	116.27551
	156	191.76862	207.72466	116.11793
	157	193.64587	208.47636	115.917465
	158	194.17068	207.68561	116.08467
	159	195.99011	207.74542	115.95696

Effects	3D Point Control #14	3D Point #2
	Frame	X pixels	Y pixels	Z pixels
	0	169.97095	307.94888	127.34089
	1	170.66032	306.13205	127.17271
	2	170.9984	303.47778	126.81851
	3	171.23654	300.02917	126.47358
	4	170.19987	294.77374	126.302124
	5	170.7796	293.079	125.740036
	6	171.95	290.14398	125.97554
	7	172.94533	289.4062	126.04494
	8	172.39905	288.3196	126.34636
	9	172.50511	289.47638	126.60213
	10	172.14104	288.6917	127.35535
	11	171.68266	288.04776	127.21006
	12	171.3088	287.7481	127.100624
	13	172.09286	287.22327	127.14731
	14	170.91684	289.9308	126.50717
	15	172.02975	290.69766	127.11271
	16	171.55829	294.12787	126.70827
	17	172.31082	297.5533	126.691864
	18	172.90753	307.3008	125.79295
	19	171.15912	311.3231	124.89723
	20	170.48326	313.43585	124.80817
	21	170.42477	313.85928	125.286804
	22	170.83038	315.52734	125.933266
	23	171.59521	316.67566	125.96085
	24	170.768	316.6334	125.908424
	25	170.25058	316.18527	125.70622
	26	169.50885	316.0912	125.02196
	27	169.56018	316.45633	124.99125
	28	168.8672	315.91266	125.024506
	29	169.07666	315.4937	125.041565
	30	168.93405	313.62775	125.26585
	31	169.45572	310.1963	125.53463
	32	172.48264	309.40787	125.85777
	33	173.31729	307.88394	126.50348
	34	173.192	306.81866	126.57355
	35	166.68301	300.69327	126.18652
	36	162.51306	297.09824	125.3855
	37	159.45969	295.53928	125.028786
	38	155.28487	290.01135	125.32156
	39	155.7912	288.04147	125.47535
	40	155.93912	285.7381	125.80429
	41	157.12292	282.50397	126.03208
	42	161.22546	281.2563	126.53221
	43	161.9342	280.8793	126.31931
	44	162.2271	282.03268	126.237144
	45	164.56088	284.97302	126.29018
	46	166.0672	288.24573	126.72905
	47	172.0147	293.58765	127.043045
	48	174.5148	296.26627	127.32258
	49	178.84052	299.94885	127.51848
	50	180.00058	306.8324	126.71526
	51	179.20145	308.89838	125.94257
	52	180.68445	311.53253	125.39552
	53	182.13971	313.85648	124.798325
	54	184.46764	318.69223	124.817444
	55	184.75516	319.02548	125.0743
	56	184.73595	319.1447	125.26794
	57	185.2753	319.37402	125.26031
	58	185.6904	319.75684	125.28426
	59	183.70865	318.56885	125.46848
	60	181.64227	317.33954	125.52331
	61	180.20486	315.87943	125.39554
	62	179.89713	315.41956	124.98728
	63	178.06027	312.89832	124.98857
	64	176.9624	312.17612	125.368706
	65	175.91393	310.5494	126.13848
	66	172.53369	304.28308	126.35169
	67	169.89163	300.10114	126.48339
	68	165.89021	297.3459	126.06852
	69	164.0193	294.44498	126.291534
	70	160.96289	291.80237	125.772285
	71	158.8923	285.12305	125.46494
	72	159.5493	283.3955	125.30715
	73	160.72162	282.18372	125.62189
	74	163.62228	280.76355	126.226875
	75	168.03932	283.0441	126.947296
	76	168.39359	283.7932	127.19214
	77	169.68335	284.66357	127.3325
	78	171.44661	286.02792	127.811035
	79	173.5322	289.0174	127.7706
	80	175.79436	293.03146	127.72225
	81	180.67166	300.7333	127.464714
	82	182.9347	304.4522	127.82035
	83	181.16245	308.51715	127.02991
	84	180.39522	310.6667	126.61976
	85	180.0752	314.3609	125.67874
	86	181.86261	316.67374	125.44688
	87	183.60986	320.09	126.11716
	88	181.4719	320.64722	125.40578
	89	179.18694	320.3504	125.01748
	90	179.29416	319.98846	125.10832
	91	173.89752	315.6733	125.483284
	92	172.30167	313.35373	125.73969
	93	169.82256	311.4933	125.52142
	94	166.14856	309.66446	125.572
	95	164.78	306.94226	126.12178
	96	162.18686	304.3048	126.18698
	97	161.43729	302.05847	126.111206
	98	158.66765	299.5225	126.1626
	99	154.7096	294.90225	125.62298
	100	150.68785	295.2802	124.96115
	101	147.06448	292.76068	123.8615
	102	142.09334	290.3936	123.248436
	103	140.37721	285.1313	123.15591
	104	142.68858	285.18085	123.315094
	105	145.2442	287.72552	123.3747
	106	152.24338	290.84866	124.51367
	107	160.80975	296.02185	124.76945
	108	164.14935	297.2169	124.84741
	109	166.23201	297.78128	124.933014
	110	166.8949	299.59717	123.974396
	111	171.1456	305.7539	124.972534
	112	177.33084	310.45154	125.23874
	113	181.06479	313.81668	125.85442
	114	181.88968	314.87018	126.165985
	115	181.11102	316.6141	125.991714
	116	177.28763	318.54083	125.12939
	117	176.16722	318.62488	124.81247
	118	171.87497	319.78363	124.02626
	119	167.52707	318.54102	123.92702
	120	165.06422	318.71628	123.482216
	121	161.17712	317.7167	123.18198
	122	157.61218	317.65396	122.46958
	123	155.71104	314.39594	122.4492
	124	154.67749	314.05923	122.23748
	125	153.56259	313.396	122.40435
	126	153.09528	312.7694	122.35147
	127	153.98276	313.50177	122.08616
	128	154.23143	313.1818	122.2342
	129	153.39583	311.0557	122.55255
	130	153.37436	308.7984	122.56796
	131	153.20375	305.51654	122.289085
	132	153.46574	304.34882	122.15295
	133	153.27986	303.1459	121.75778
	134	152.77989	302.03937	121.24766
	135	154.1604	302.7522	120.17132
	136	153.94623	302.992	120.12774
	137	154.33084	302.5593	120.12838
	138	154.99564	303.44714	120.07595
	139	157.90971	303.94293	120.48869
	140	159.60345	304.40878	120.21086
	141	161.18753	304.1465	120.65369
	142	162.4993	306.08243	120.54079
	143	165.09369	307.17566	121.24556
	144	166.03018	307.75055	121.474335
	145	166.71747	308.82965	121.137085
	146	167.02481	309.3329	121.15099
	147	167.75317	310.28082	120.76312
	148	167.82205	310.50284	120.505714
	149	168.0011	310.33557	120.561615
	150	168.34578	310.45682	120.58044
	151	168.75826	310.00638	120.17535
	152	170.15869	310.28415	120.16666
	153	170.92056	310.91177	120.02758
	154	172.1477	311.36987	120.058205
	155	172.67363	312.95123	119.9114
	156	173.77435	313.5506	119.69428
	157	175.90698	314.2642	119.65281
	158	175.77309	313.313	119.759155
	159	178.62543	314.08612	119.394264

Effects	3D Point Control #15	3D Point #2
	Frame	X pixels	Y pixels	Z pixels
	0	162.78	392.99057	130.83232
	1	163.74663	392.16727	131.25957
	2	164.21246	391.59894	131.36302
	3	165.54752	391.10184	131.89542
	4	165.2442	389.7452	132.1079
	5	163.40147	390.3664	131.47649
	6	161.9699	385.52884	131.12231
	7	160.09225	383.01184	130.29211
	8	158.73405	382.3463	130.22948
	9	157.74013	382.64355	129.97961
	10	156.16446	375.83084	129.4108
	11	155.5031	376.67822	129.4326
	12	155.09084	378.27487	129.62602
	13	154.93716	377.26526	129.28578
	14	154.6836	383.64844	128.91399
	15	157.20004	385.2641	129.27309
	16	157.79588	388.96198	128.92546
	17	159.54788	389.511	128.85175
	18	160.6405	391.9979	128.56508
	19	159.94704	392.3935	128.29474
	20	159.64659	389.8656	128.26039
	21	160.22812	388.56128	128.43512
	22	160.67603	389.31445	128.38902
	23	161.24878	388.8268	128.4317
	24	160.74828	387.37363	128.52318
	25	161.47433	386.73236	128.66873
	26	161.22636	386.46603	128.54497
	27	161.99252	387.09448	128.66072
	28	161.20987	386.4348	128.68684
	29	161.50372	386.63275	128.79321
	30	161.56319	384.85724	128.96155
	31	162.53308	384.49286	129.24437
	32	165.01619	385.2052	129.06938
	33	165.85141	384.2342	129.61778
	34	167.09288	385.32465	129.60655
	35	165.15054	384.5189	129.6099
	36	163.23697	385.8125	129.28568
	37	160.92664	386.2849	128.53691
	38	155.33626	377.09442	127.10103
	39	153.54547	370.47382	126.48318
	40	151.27231	365.6673	125.97183
	41	151.29774	362.96362	125.89707
	42	150.70341	366.863	126.18326
	43	150.63858	371.84763	126.36025
	44	152.30994	378.9456	126.90843
	45	155.29178	384.6558	127.196594
	46	158.42294	388.68457	127.699005
	47	165.02982	396.24847	128.30568
	48	167.2026	396.39807	128.46497
	49	170.22244	398.37097	128.54774
	50	169.43683	398.0055	128.51477
	51	168.95805	397.61597	128.38722
	52	169.67682	398.36578	128.23718
	53	169.61026	398.12408	127.90354
	54	169.83635	399.052	128.03928
	55	169.37828	396.94513	128.17975
	56	169.65839	396.19162	128.32167
	57	169.77968	395.9115	128.43694
	58	169.44197	395.91486	128.38545
	59	168.77713	394.40503	128.373
	60	168.96248	394.18018	128.44788
	61	169.81686	393.92065	128.68884
	62	170.32886	394.11148	128.77898
	63	170.90834	392.44604	128.97792
	64	170.43213	392.4243	128.70927
	65	170.51761	392.5703	128.94891
	66	171.9943	391.71753	129.17546
	67	171.45354	391.07837	129.27107
	68	169.58646	393.19562	128.74362
	69	168.70267	391.9621	128.7765
	70	165.88326	389.49548	128.62994
	71	160.82048	382.28363	128.11919
	72	158.17467	381.86572	128.05165
	73	156.25087	378.69916	127.78318
	74	155.9222	373.5249	127.60713
	75	154.58559	375.7873	127.34725
	76	154.97932	378.4162	127.52516
	77	156.42236	380.153	127.58014
	78	160.95682	386.91266	128.23285
	79	164.82309	392.87326	128.4581
	80	167.41977	395.13406	128.92574
	81	171.69568	399.58365	128.63857
	82	173.08841	396.13007	128.78452
	83	171.92812	395.9961	128.65582
	84	171.76927	395.528	128.71243
	85	171.6351	397.24857	128.50034
	86	173.54323	396.865	128.58592
	87	174.27719	396.1537	128.95387
	88	172.21844	394.69183	128.49551
	89	171.02739	393.59656	128.40181
	90	171.97365	394.08435	128.58519
	91	170.36624	393.3653	128.79468
	92	170.29848	393.12662	129.0153
	93	169.5691	393.05798	129.0188
	94	168.9526	394.995	129.08884
	95	170.42372	395.95868	129.4721
	96	169.86864	393.80066	129.67477
	97	171.14943	394.2105	129.74028
	98	170.61446	394.28848	129.97917
	99	167.82208	392.00916	129.65631
	100	165.00243	391.9405	129.6717
	101	161.8756	384.72388	129.41405
	102	157.68411	381.78943	128.8097
	103	149.25102	368.20007	127.394394
	104	147.65518	359.96625	126.53322
	105	147.44058	358.14142	125.545906
	106	135.37697	372.25635	125.66955
	107	133.29724	382.6276	127.49079
	108	135.65085	384.49445	128.0245
	109	140.47421	386.1407	128.46896
	110	144.59035	387.23367	128.67424
	111	159.8524	396.52725	128.15807
	112	168.9606	399.26178	127.82088
	113	171.87991	398.55237	127.80812
	114	172.59045	397.81015	127.67183
	115	171.70935	398.6057	127.703026
	116	169.5332	399.6996	127.46608
	117	169.87114	399.32553	127.458206
	118	168.59346	401.92288	127.52185
	119	167.53157	399.38214	127.36344
	120	166.54755	400.21686	127.17184
	121	164.9896	398.7049	127.12811
	122	163.6673	400.09875	126.913666
	123	165.9716	399.8672	127.430046
	124	166.90439	401.82495	127.46328
	125	167.38023	401.37006	127.44578
	126	167.32867	401.2368	127.40572
	127	168.37263	402.2537	127.14981
	128	169.54834	402.56064	127.66825
	129	169.36188	400.4848	127.78108
	130	170.05539	400.46222	128.01999
	131	171.0188	400.76038	128.18457
	132	172.52669	400.87946	128.16788
	133	172.98311	399.97308	128.14943
	134	171.70961	398.71674	127.650856
	135	171.4581	399.58795	127.34138
	136	171.7714	399.87726	128.03146
	137	171.67296	399.66232	128.08641
	138	172.77652	401.20087	128.13127
	139	172.63812	399.35248	127.849556
	140	173.01878	400.48608	127.42854
	141	173.25546	399.52124	127.746185
	142	173.04178	400.83197	127.2648
	143	172.58469	399.28503	127.09446
	144	172.89899	399.43512	127.115944
	145	172.6948	399.8698	126.84924
	146	172.9068	399.71625	126.92202
	147	173.84778	400.6046	127.257385
	148	173.38876	400.5462	126.925804
	149	173.11124	400.02484	127.010574
	150	173.3091	399.4507	127.19542
	151	172.96478	399.3998	127.203384
	152	173.20026	399.49164	127.08832
	153	173.77078	400.6739	127.24864
	154	174.80945	401.394	127.328896
	155	173.94775	401.52234	127.272095
	156	174.94164	401.98788	127.30838
	157	175.29036	401.54004	127.032104
	158	173.82225	399.74112	127.33084
	159	173.16516	400.37787	126.98786


End of Keyframe Data
