Adobe After Effects 8.0 Keyframe Data

	Units Per Second	24
	Source Width	640
	Source Height	480
	Source Pixel Aspect Ratio	1
	Comp Pixel Aspect Ratio	1

Effects	3D Point Control #1	3D Point #2
	Frame	X pixels	Y pixels	Z pixels
	0	314.57858	47.88698	96.688896
	1	317.27582	47.432983	96.44823
	2	319.92874	47.240173	96.77779
	3	322.63373	46.91716	96.96747
	4	327.45306	47.501617	96.696785
	5	329.61856	47.60205	96.65215
	6	331.979	46.79988	96.43014
	7	333.95026	47.20706	96.26886
	8	337.68985	45.64441	96.18536
	9	338.77307	46.124664	96.171234
	10	339.65665	46.966415	95.71412
	11	340.60437	47.05899	95.68562
	12	341.22644	46.416122	95.439156
	13	341.2823	46.621246	95.298035
	14	341.50854	46.601334	95.478035
	15	341.45276	46.664444	95.31761
	16	341.41788	45.74901	95.62385
	17	341.62128	45.31842	95.66586
	18	341.34244	45.1149	95.88736
	19	341.0463	45.04564	95.99846
	20	339.64886	44.40497	95.82989
	21	338.67853	43.708878	95.269165
	22	338.16663	42.683853	95.689
	23	336.72714	42.451843	95.89909
	24	332.9807	41.672943	96.06871
	25	330.9745	43.006607	96.08875
	26	328.8698	43.445786	96.098526
	27	327.25793	43.95616	96.103165
	28	322.74634	43.531403	95.881584
	29	320.2265	44.647766	96.04596
	30	318.06317	43.581985	95.85209
	31	316.4193	44.82338	95.75485
	32	312.67172	46.138565	95.707146
	33	310.83487	46.01941	95.90799
	34	309.56772	46.331436	96.03357
	35	308.07883	46.956406	96.071884
	36	305.56802	47.664566	96.387665
	37	304.86948	48.17079	96.29706
	38	303.64044	47.6248	96.22731
	39	302.9119	48.32556	96.16757
	40	301.97827	48.489944	96.14821
	41	301.1916	47.83467	96.18093
	42	299.69104	46.71115	96.19447
	43	298.93658	46.946304	96.20096
	44	297.7821	46.05043	95.94248
	45	296.8563	47.074234	95.84982
	46	296.118	47.50212	96.02967
	47	295.7383	47.733	96.069725
	48	294.66135	47.75981	96.15961
	49	294.01822	47.71791	96.18484
	50	293.42297	48.337265	96.24783
	51	292.75656	47.740677	96.17717
	52	291.56406	47.706528	96.19969
	53	291.47067	47.433456	96.15215
	54	291.22464	48.19162	96.20657
	55	290.89496	47.93062	96.43306
	56	290.99146	47.943497	96.951904
	57	291.39838	48.21779	97.05489
	58	291.5273	47.887695	97.106926
	59	291.18796	47.28003	97.10758
	60	290.37857	47.79605	97.40837
	61	289.81802	48.143433	97.58035
	62	289.60278	48.512543	97.59591
	63	288.85138	48.65036	97.65471
	64	288.33865	48.36061	97.25867
	65	287.89557	48.623596	97.25943
	66	287.93503	48.46495	97.43577
	67	288.10587	48.98845	97.048134
	68	288.44153	49.111786	96.88055
	69	288.43866	48.95381	96.984116
	70	288.7035	48.31122	96.8239
	71	289.26215	47.560394	96.99148
	72	290.2134	47.30902	97.16702
	73	290.00815	47.80455	97.262985
	74	290.24988	48.009247	97.185356
	75	290.2753	48.593246	97.172035
	76	290.48935	47.890594	97.38686
	77	290.6801	47.903534	97.52259
	78	291.2133	47.692123	97.5904
	79	291.53165	47.78775	97.59933
	80	291.56628	47.972137	97.89363
	81	291.85297	48.85428	98.02624
	82	292.4404	49.274734	97.81692
	83	292.43573	49.160675	97.71166
	84	292.25684	49.294006	98.022934
	85	292.1588	49.11548	98.06562
	86	291.65228	48.544785	98.13711
	87	291.83035	49.675735	98.12251
	88	292.6313	50.2536	98.11245
	89	292.97662	50.0215	98.11168
	90	293.5652	49.54399	98.13441
	91	293.81387	49.424744	98.146866
	92	295.09323	49.13037	97.74245
	93	295.55817	48.521225	97.70042
	94	295.75592	48.72699	97.6794
	95	296.17035	48.31079	97.66885
	96	295.77222	48.17134	97.44759
	97	295.79184	47.625	97.302216
	98	295.66583	48.70256	97.20468
	99	295.70255	48.691025	97.1812
	100	295.8967	48.209305	97.13751
	101	296.23993	48.214233	97.14688
	102	296.4216	47.655624	97.15221
	103	296.41138	47.985016	97.130325
	104	296.9443	47.83989	97.413704
	105	297.73584	47.782745	97.58642
	106	298.35492	47.928802	97.597374
	107	298.81625	47.9991	97.60283
	108	299.06693	47.560257	97.631714
	109	299.2656	47.485504	97.39463
	110	298.8608	47.833298	97.52714
	111	298.86337	48.53743	97.56754
	112	298.9013	48.504776	97.11052
	113	299.06155	48.11818	97.13433
	114	299.3775	48.03044	97.14618
	115	299.50006	48.424698	97.15139
	116	299.28848	48.449127	97.15606
	117	298.45398	48.641327	97.056755
	118	297.53546	47.907516	97.33296
	119	297.00113	47.743835	97.471245
	120	295.8232	48.075928	97.69974
	121	295.23422	48.22879	97.70432
	122	294.77457	48.418365	97.70619
	123	294.11053	49.04619	97.7571
	124	292.80762	49.11998	97.70631
	125	292.57227	48.623596	97.907196
	126	292.26453	48.801376	98.056984
	127	292.06903	48.674744	98.07974
	128	291.52606	48.21219	97.8634
	129	291.59113	48.18518	97.73503
	130	291.27307	47.78984	97.72293
	131	291.31482	47.555145	97.440186
	132	291.00537	48.312134	97.59197
	133	291.09546	48.389694	97.60116
	134	290.66592	48.334366	97.70526
	135	290.91705	48.107132	97.7072
	136	291.07898	49.263947	97.68266
	137	290.5844	49.634384	97.68921
	138	290.92847	49.87448	97.673805
	139	290.89767	50.049606	97.66629
	140	290.93323	49.96768	97.396225
	141	290.7828	49.473633	97.25038
	142	290.57077	48.749893	97.179245
	143	289.8591	48.387817	96.99302
	144	289.11096	48.221786	97.10488
	145	288.55807	48.090485	96.931435
	146	287.89764	47.775436	97.01982
	147	287.42377	47.732834	96.81337
	148	286.2426	47.842316	97.19609
	149	285.89966	47.818146	96.92679
	150	285.48718	46.98465	97.01774
	151	284.9336	46.958084	97.137924

Effects	3D Point Control #2	3D Point #2
	Frame	X pixels	Y pixels	Z pixels
	0	318.49118	110.01529	94.9949
	1	321.18097	109.62457	94.8796
	2	323.66425	108.94461	94.98046
	3	325.9416	108.282715	95.02028
	4	330.85095	108.64601	94.78797
	5	332.94196	108.51036	94.732414
	6	334.9336	108.30817	94.622246
	7	336.9538	108.88608	94.501076
	8	340.00543	107.73558	94.45887
	9	341.10074	108.06729	94.41138
	10	342.1587	109.66844	94.17334
	11	343.09625	110.017456	94.129166
	12	343.93832	109.72441	94.03376
	13	344.10416	110.36177	93.95562
	14	344.0725	110.00018	94.02778
	15	344.1325	110.30646	93.98999
	16	343.97424	109.02446	94.15953
	17	343.87454	108.40718	94.203995
	18	343.6939	107.76376	94.29433
	19	343.49472	107.40932	94.36311
	20	342.08948	107.31497	94.36129
	21	341.24692	108.0974	94.185555
	22	340.5584	106.53537	94.40882
	23	338.99414	105.91763	94.51603
	24	335.3334	105.20538	94.69184
	25	333.22037	106.28691	94.71555
	26	331.2001	106.81685	94.76402
	27	329.41025	107.14859	94.8292
	28	324.67056	107.67708	94.87371
	29	322.26752	108.50458	94.96474
	30	320.30847	108.37079	94.9947
	31	318.1841	109.7267	94.99154
	32	314.1847	111.21518	94.99649
	33	312.25256	110.927704	95.10826
	34	310.47708	110.99414	95.169044
	35	308.88	111.32248	95.18794
	36	306.26788	111.54393	95.34479
	37	305.42935	111.98297	95.31287
	38	304.49698	111.959595	95.31923
	39	303.7167	112.67469	95.28376
	40	302.53622	112.876114	95.29625
	41	301.87357	112.41131	95.32046
	42	300.71832	111.44606	95.33327
	43	299.8588	111.44826	95.32557
	44	298.76913	111.05557	95.20911
	45	297.96356	111.95134	95.14108
	46	297.39758	111.96466	95.19629
	47	296.98782	112.03213	95.210175
	48	296.06274	111.62149	95.25831
	49	295.57846	111.40921	95.26097
	50	295.1011	111.69696	95.26053
	51	294.60303	111.79782	95.231964
	52	293.3905	111.97922	95.27678
	53	293.22495	111.82774	95.3003
	54	292.91803	112.4161	95.30653
	55	292.5315	112.06078	95.40975
	56	292.07623	111.69356	95.627464
	57	292.27997	111.62685	95.695816
	58	292.09918	111.30321	95.72965
	59	291.9582	110.99655	95.737404
	60	291.52756	110.798584	95.79421
	61	290.71826	110.67644	95.82546
	62	290.55075	110.97859	95.76924
	63	289.9593	111.10414	95.7149
	64	290.06293	111.364685	95.50001
	65	290.1179	111.355286	95.46005
	66	290.11783	110.54567	95.558174
	67	290.4156	111.63023	95.37025
	68	289.92865	112.03583	95.29699
	69	289.89194	111.74315	95.34829
	70	290.2229	111.36363	95.333435
	71	290.50748	110.6351	95.42655
	72	290.90683	109.90396	95.64365
	73	291.0048	110.332275	95.71033
	74	291.34198	110.88115	95.709564
	75	291.6282	111.460495	95.72062
	76	291.78775	110.652374	95.89067
	77	291.8636	110.294754	96.01019
	78	292.1524	110.059006	96.109886
	79	292.4248	110.29549	96.143486
	80	292.6332	109.9189	96.37091
	81	292.9733	110.37366	96.46469
	82	293.26685	111.36702	96.39853
	83	293.19678	111.75319	96.387634
	84	293.42847	111.6828	96.51816
	85	293.4714	111.52585	96.54062
	86	293.13434	110.70215	96.626976
	87	293.48273	111.5959	96.5753
	88	294.08325	111.90108	96.558846
	89	294.3336	111.812195	96.536125
	90	294.6379	111.58458	96.53077
	91	294.9001	111.32735	96.53391
	92	296.01273	111.71977	96.32156
	93	296.38608	111.333466	96.29036
	94	296.72705	111.36842	96.22217
	95	297.15164	111.1835	96.14951
	96	297.4632	111.45337	95.95526
	97	297.53262	111.35249	95.87303
	98	297.62097	112.02276	95.79339
	99	297.7413	112.20514	95.7707
	100	297.78925	112.15811	95.8147
	101	297.93655	112.181335	95.883995
	102	297.86902	111.85458	95.959564
	103	297.7477	111.97444	96.000916
	104	297.82193	111.47987	96.15526
	105	298.1107	111.32944	96.22372
	106	298.46765	111.15137	96.24114
	107	298.71634	111.132965	96.24637
	108	298.72128	110.8817	96.210396
	109	298.6852	110.95627	96.11874
	110	298.3325	111.18103	96.1658
	111	298.01172	111.68608	96.19578
	112	297.21213	112.50509	96.08603
	113	297.11008	112.338684	96.162125
	114	297.11908	112.422775	96.215706
	115	297.10928	112.63443	96.23529
	116	296.8255	112.5172	96.27453
	117	296.4135	112.67842	96.23953
	118	296.0503	111.580414	96.382286
	119	295.71982	111.186264	96.45552
	120	295.08832	111.043106	96.52051
	121	294.76932	111.18681	96.502464
	122	294.59442	111.102036	96.5029
	123	294.3584	111.407486	96.50222
	124	293.7391	111.43451	96.518814
	125	293.6785	110.567535	96.62642
	126	293.57123	110.18616	96.69262
	127	293.44614	109.81787	96.69095
	128	292.71072	109.90085	96.558914
	129	292.50726	110.25813	96.47557
	130	292.05267	110.185074	96.44148
	131	291.9312	110.67128	96.32287
	132	291.66742	111.15802	96.24786
	133	291.85147	111.35405	96.2202
	134	291.80377	111.44977	96.22478
	135	291.97476	111.44141	96.22311
	136	292.12433	112.27623	96.1733
	137	291.52625	112.62129	96.17735
	138	291.47736	112.782814	96.14796
	139	290.95456	112.80516	96.116295
	140	290.6377	112.92356	95.90717
	141	290.64725	112.78279	95.78404
	142	290.49545	112.151344	95.75237
	143	290.06818	112.08299	95.656006
	144	289.96744	111.92903	95.663994
	145	289.28293	112.06052	95.57137
	146	288.73193	111.85246	95.60202
	147	288.46313	112.01139	95.49179
	148	287.7299	111.25528	95.61758
	149	287.48187	111.646545	95.49608
	150	287.3551	110.9725	95.534065
	151	287.19553	110.802414	95.570946

Effects	3D Point Control #3	3D Point #2
	Frame	X pixels	Y pixels	Z pixels
	0	322.15915	172.5549	93.250595
	1	324.7326	172.36642	93.205864
	2	327.29312	171.27963	93.12721
	3	329.49994	170.39725	93.0653
	4	334.42447	170.966	92.84921
	5	336.57242	170.85367	92.78739
	6	338.31946	170.83502	92.730736
	7	340.36087	171.59943	92.65945
	8	342.85916	170.58925	92.67755
	9	343.82837	170.93347	92.61195
	10	344.71124	173.0233	92.54558
	11	345.7544	173.423	92.508865
	12	346.60693	173.37952	92.52852
	13	346.78424	174.16742	92.50473
	14	346.7155	173.6329	92.50204
	15	346.70282	174.0592	92.51835
	16	346.5011	172.38947	92.534035
	17	345.9952	171.74193	92.57778
	18	345.7187	170.85211	92.5674
	19	345.7077	170.37468	92.59882
	20	344.42502	170.41885	92.677704
	21	343.6989	171.71658	92.74569
	22	342.83105	169.81091	92.85968
	23	340.99127	169.01392	92.90297
	24	337.21265	168.21048	93.09841
	25	335.0284	169.26369	93.102715
	26	333.0856	169.80078	93.17075
	27	331.2674	170.19382	93.29641
	28	326.1231	171.0123	93.53717
	29	323.8416	171.73619	93.5931
	30	322.11462	171.79294	93.77494
	31	319.68048	173.34785	93.896835
	32	315.52063	174.90521	93.9365
	33	313.25345	174.46786	93.99036
	34	311.11877	174.43604	94.00474
	35	309.33392	174.7135	93.99095
	36	306.84042	174.67004	94.036
	37	306.06155	175.1995	94.04747
	38	305.31006	175.21144	94.08348
	39	304.58456	175.97736	94.060776
	40	303.20593	176.19724	94.088455
	41	302.6049	175.68936	94.098236
	42	301.57333	174.71024	94.11782
	43	300.7693	174.72852	94.11869
	44	299.70978	174.54822	94.10601
	45	298.96158	175.54224	94.07012
	46	298.66354	175.40149	94.043335
	47	298.38806	175.43535	94.04032
	48	297.59277	174.94485	94.05975
	49	297.16528	174.71997	94.05769
	50	296.7908	174.97684	94.0347
	51	296.46817	175.11694	94.02375
	52	295.2454	175.29851	94.08877
	53	295.09793	175.16597	94.139496
	54	294.83298	175.72174	94.12079
	55	294.50897	175.18524	94.15024
	56	293.75928	174.4036	94.18497
	57	293.688	174.24237	94.21619
	58	293.30765	173.83813	94.21243
	59	293.08014	173.52065	94.21775
	60	292.45758	173.03532	94.12369
	61	291.52417	172.79126	94.09483
	62	291.0902	173.053	93.98766
	63	290.616	173.22107	93.936295
	64	291.4327	173.93579	93.915405
	65	291.90326	173.91365	93.85868
	66	292.03458	172.84875	93.8558
	67	292.386	174.28519	93.794266
	68	291.62555	174.83595	93.76811
	69	291.38007	174.3894	93.74451
	70	291.70142	174.13197	93.802284
	71	291.9567	173.2077	93.82021
	72	292.05746	172.28162	94.00822
	73	292.43903	172.5925	94.032104
	74	292.87042	173.2471	94.08998
	75	293.41965	173.87842	94.13625
	76	293.76773	172.90967	94.28945
	77	293.76593	172.42215	94.37979
	78	293.92352	172.1225	94.47977
	79	294.12677	172.35919	94.52261
	80	294.33594	171.73123	94.69347
	81	294.70758	172.06708	94.74903
	82	294.6982	173.27966	94.77286
	83	294.56906	173.76071	94.81002
	84	295.05115	173.41226	94.8286
	85	295.25055	173.23209	94.85022
	86	295.0818	172.3284	94.934746
	87	295.52344	173.27393	94.88617
	88	295.9199	173.59476	94.8645
	89	296.18695	173.47958	94.818726
	90	296.28333	173.28279	94.8277
	91	296.50732	172.9895	94.812645
	92	297.43793	173.7427	94.72674
	93	297.79788	173.37585	94.698
	94	298.18433	173.42725	94.6126
	95	298.67798	173.23895	94.51197
	96	299.3276	173.72144	94.374214
	97	299.6008	173.74765	94.342636
	98	300.00363	174.51465	94.29176
	99	300.2398	174.72884	94.280495
	100	300.10764	174.73468	94.372765
	101	300.10815	174.7714	94.477135
	102	299.90482	174.4367	94.58055
	103	299.74866	174.53427	94.623085
	104	299.1909	173.85155	94.714935
	105	299.11642	173.52617	94.69644
	106	299.19116	173.3209	94.70104
	107	299.23718	173.28595	94.69544
	108	298.86554	173.02455	94.63804
	109	298.6771	173.3086	94.6405
	110	298.554	173.40671	94.625465
	111	297.99115	173.89313	94.64915
	112	296.44977	175.1581	94.78404
	113	295.95493	174.96484	94.8786
	114	295.6841	175.039	94.95088
	115	295.52722	175.28452	95.003075
	116	295.1571	175.21036	95.09428
	117	295.12607	175.47156	95.111084
	118	295.29947	174.16086	95.173584
	119	295.21234	173.65253	95.20109
	120	295.08762	173.33728	95.177475
	121	295.0081	173.46396	95.13906
	122	294.98044	173.3802	95.14165
	123	295.14758	173.67554	95.13543
	124	294.9983	173.80812	95.238754
	125	294.94952	172.71909	95.25233
	126	294.97507	172.2063	95.26587
	127	294.98785	171.8457	95.27399
	128	294.37805	172.16145	95.24238
	129	293.9496	172.64003	95.19646
	130	293.5925	172.52904	95.12336
	131	293.50903	173.18057	95.06132
	132	293.17953	173.51794	94.845894
	133	293.5138	173.66669	94.7761
	134	293.66013	173.65778	94.71909
	135	293.76694	173.63797	94.70734
	136	293.7645	174.52579	94.658295
	137	292.96103	174.83246	94.63226
	138	292.4801	175.0063	94.59039
	139	291.5397	175.00961	94.52891
	140	290.69293	175.39917	94.39908
	141	290.70813	175.37794	94.300964
	142	290.61752	174.75229	94.26568
	143	290.46625	174.84927	94.23902
	144	291.23853	174.58986	94.1965
	145	290.44028	174.85814	94.14841
	146	289.85614	174.52896	94.11517
	147	289.78967	174.83417	94.0535
	148	289.57465	173.7012	94.01593
	149	289.5638	174.32571	93.990425
	150	289.67972	173.57358	94.0071
	151	289.80545	173.25372	93.97725

Effects	3D Point Control #4	3D Point #2
	Frame	X pixels	Y pixels	Z pixels
	0	376.60645	103.481995	93.654785
	1	379.41644	103.215485	93.50934
	2	381.85498	102.30861	93.59151
	3	384.14423	101.660065	93.631
	4	389.30505	102.44736	93.529495
	5	391.4659	102.521255	93.56311
	6	393.57208	102.8215	93.53976
	7	395.6607	103.96738	93.62662
	8	398.77612	103.69133	93.71184
	9	399.89105	104.34616	93.74246
	10	401.07755	106.37648	93.59454
	11	402.0158	106.80168	93.615425
	12	402.8777	106.71968	93.60773
	13	403.07315	107.43222	93.56487
	14	402.98203	107.16135	93.66278
	15	403.05878	107.570465	93.641266
	16	402.76422	106.43669	93.85832
	17	402.6337	106.22894	93.923775
	18	402.39862	105.67592	94.01542
	19	402.1378	105.19919	94.1038
	20	400.68494	105.11006	94.16164
	21	399.9273	105.81392	94.01192
	22	399.073	104.50862	94.277405
	23	397.42834	104.17981	94.41011
	24	393.60352	103.68771	94.65968
	25	391.42676	104.95885	94.74962
	26	389.32495	105.5403	94.86425
	27	387.43585	106.0383	95.006905
	28	382.6499	106.92612	95.096924
	29	380.1897	107.63318	95.19501
	30	378.1742	107.34833	95.27334
	31	376.03174	109.01457	95.310936
	32	372.0099	110.68672	95.36272
	33	369.978	110.79668	95.530334
	34	368.1645	111.20152	95.60722
	35	366.5518	111.71657	95.64329
	36	363.85147	111.8331	95.808525
	37	363.02283	112.23831	95.794464
	38	362.11707	111.96161	95.762474
	39	361.3333	112.69386	95.766
	40	360.1605	113.03359	95.768166
	41	359.4878	112.50578	95.7902
	42	358.3504	111.35716	95.77129
	43	357.5144	111.25119	95.73964
	44	356.49878	110.820114	95.6242
	45	355.7593	111.5802	95.51931
	46	355.13605	111.42093	95.60995
	47	354.70096	111.4185	95.650475
	48	353.74365	110.90227	95.70713
	49	353.26544	110.61301	95.69889
	50	352.79443	110.78146	95.68788
	51	352.31116	110.72122	95.65957
	52	351.06207	110.94948	95.730225
	53	350.87708	110.799484	95.76315
	54	350.55603	111.38078	95.787254
	55	350.11838	110.92944	95.87196
	56	349.41425	111.23442	96.281975
	57	349.51706	111.60808	96.43782
	58	349.281	111.583435	96.52507
	59	349.1185	111.411804	96.55913
	60	348.67438	111.37065	96.599785
	61	347.91547	111.164	96.54796
	62	347.87628	111.37343	96.35095
	63	347.37228	111.18811	96.21306
	64	347.62482	110.705444	95.94782
	65	347.70877	110.26834	95.881615
	66	347.62405	109.44121	96.02305
	67	348.0155	110.55115	95.86583
	68	347.63492	110.973785	95.695076
	69	347.587	110.79683	95.71767
	70	347.91367	110.49434	95.72805
	71	348.1231	109.87363	95.85611
	72	348.36163	109.55171	96.133026
	73	348.36383	109.91417	96.28039
	74	348.64987	110.54393	96.35225
	75	348.79053	111.26926	96.5329
	76	348.65088	110.81967	96.930725
	77	348.50745	110.88661	97.20176
	78	348.59918	111.06436	97.43117
	79	348.74893	111.561935	97.55591
	80	348.57053	111.68637	97.98891
	81	348.7824	112.26123	98.138336
	82	349.0719	113.50888	98.10165
	83	349.01727	113.89435	98.08621
	84	349.14642	113.729706	98.23533
	85	349.16873	113.45207	98.26272
	86	348.78503	112.49491	98.350975
	87	349.10785	113.376686	98.33421
	88	349.6292	113.99329	98.37397
	89	349.91214	113.87597	98.33433
	90	350.22113	113.8148	98.3243
	91	350.52295	113.53886	98.29476
	92	351.9115	113.72621	97.954346
	93	352.41864	113.15426	97.8288
	94	352.8695	113.035545	97.701225
	95	353.4284	112.637535	97.54758
	96	353.97113	112.34875	97.2464
	97	354.12665	111.96623	97.12702
	98	354.3023	112.24597	97.00349
	99	354.47604	112.23295	96.940254
	100	354.55585	112.21182	96.933266
	101	354.65448	112.36826	97.01168
	102	354.50098	112.238785	97.1294
	103	354.1988	112.67576	97.30869
	104	353.99786	113.10867	97.62264
	105	354.23303	113.35343	97.70094
	106	354.5075	113.547264	97.76984
	107	354.66864	113.84419	97.83449
	108	354.6442	114.01394	97.83294
	109	354.57565	114.27984	97.80107
	110	354.15472	114.41963	97.88374
	111	353.67578	115.32772	98.00903
	112	352.90454	116.61277	97.92492
	113	352.71606	116.81208	98.02391
	114	352.61185	117.209656	98.1255
	115	352.5853	117.517815	98.14701
	116	352.2746	117.438896	98.19228
	117	351.93634	117.18561	98.13686
	118	351.45752	115.77653	98.315155
	119	351.05243	115.272644	98.41787
	120	350.315	114.88373	98.54081
	121	349.95978	114.90821	98.5586
	122	349.73483	114.76648	98.59387
	123	349.48242	114.757416	98.6093
	124	348.92004	114.231544	98.594826
	125	348.75452	113.51439	98.73144
	126	348.56757	113.13286	98.82589
	127	348.40274	112.700935	98.85104
	128	347.80624	112.51161	98.688065
	129	347.66656	113.00332	98.59726
	130	347.25644	112.86167	98.55357
	131	347.27985	113.15796	98.38645
	132	347.2434	113.56967	98.19381
	133	347.43903	113.673294	98.16684
	134	347.4204	113.60624	98.15043
	135	347.63608	113.59494	98.11704
	136	347.89117	114.42763	98.011795
	137	347.5445	114.56836	97.836464
	138	347.6183	114.93235	97.725655
	139	347.26105	115.075165	97.57801
	140	347.1643	115.439064	97.28915
	141	347.2791	115.22606	97.13785
	142	347.19333	114.46614	97.06654
	143	346.8457	114.092606	96.956154
	144	346.61807	113.4294	97.07005
	145	346.1118	113.410255	96.8748
	146	345.63077	113.092064	96.83044
	147	345.45596	112.99763	96.695045
	148	344.74118	111.63667	96.7273
	149	344.5676	111.77469	96.60188
	150	344.39755	110.94281	96.65908
	151	344.2184	110.52698	96.68865

Effects	3D Point Control #5	3D Point #2
	Frame	X pixels	Y pixels	Z pixels
	0	448.04135	169.82523	95.74424
	1	451.35602	166.97057	95.871376
	2	455.92786	163.85721	95.88562
	3	461.06696	159.8989	95.89324
	4	470.9831	155.24701	95.86192
	5	475.24005	153.7698	95.856415
	6	477.94287	151.16031	95.77793
	7	480.86304	149.7524	95.78894
	8	485.44238	146.75327	95.80958
	9	486.7199	145.89392	95.80521
	10	487.2038	145.16669	95.802
	11	487.70483	145.27518	95.82655
	12	489.6159	145.30527	95.86879
	13	490.06924	145.21854	95.88417
	14	491.13574	145.427	95.842834
	15	491.2813	145.57968	95.87087
	16	492.1372	146.14499	95.893814
	17	492.26495	146.68814	96.047005
	18	491.42645	147.25664	96.12401
	19	491.7064	146.66415	96.18813
	20	489.84625	145.02264	96.30901
	21	488.90576	143.43292	96.404564
	22	486.6051	142.06613	96.477905
	23	484.9661	140.36755	96.539696
	24	483.41876	138.47299	96.77345
	25	481.01385	137.90573	96.762535
	26	479.40445	137.44565	96.73174
	27	477.1385	137.14743	96.790924
	28	471.51678	138.39993	96.68452
	29	468.91754	139.2315	96.74338
	30	466.1701	140.6196	96.846825
	31	465.061	142.37735	96.92284
	32	461.3219	144.0767	97.14348
	33	459.64117	144.37622	97.19736
	34	458.5526	144.99478	97.399284
	35	457.2085	146.77783	97.65095
	36	452.61072	147.38628	97.93759
	37	451.14264	147.43835	98.14322
	38	450.7509	147.53261	98.32054
	39	449.7558	147.3385	98.46107
	40	448.18787	147.51332	98.58936
	41	447.92834	147.39296	98.671875
	42	447.69843	147.16496	98.68477
	43	446.41788	146.02881	98.690445
	44	443.28192	144.91724	98.5715
	45	442.3551	144.61691	98.48433
	46	441.68036	144.51764	98.49275
	47	441.33704	144.17493	98.49806
	48	439.95172	144.0704	98.52114
	49	439.24048	144.28186	98.559364
	50	438.9483	144.34712	98.53036
	51	433.89355	146.7549	98.71421
	52	426.64343	150.51047	98.50454
	53	425.12494	152.25313	98.30098
	54	421.59845	155.01572	98.17779
	55	415.67865	158.78781	98.16434
	56	409.2923	164.97568	98.041756
	57	405.81555	168.3534	98.14623
	58	405.84518	171.67847	98.023895
	59	402.14532	173.96921	98.01336
	60	401.5561	185.46036	97.49202
	61	396.14215	191.12598	97.39598
	62	388.79327	195.4768	97.42312
	63	383.85773	201.44885	97.335945
	64	376.05475	211.12772	97.570946
	65	373.66	211.12134	97.63521
	66	373.3517	208.76195	97.668236
	67	374.9508	205.97205	97.708824
	68	385.7041	201.2734	97.66363
	69	393.13232	196.38264	97.807304
	70	400.49728	189.48404	98.07816
	71	408.76422	182.15128	98.31501
	72	419.61703	163.73248	98.85492
	73	421.6931	156.72614	99.37824
	74	423.01154	148.77359	99.639244
	75	424.0479	141.9776	99.820175
	76	421.1938	130.02827	100.1307
	77	417.6264	138.10498	100.715805
	78	416.34485	136.3807	100.78301
	79	415.74646	140.8895	101.15502
	80	414.9478	140.79428	101.397064
	81	414.79437	136.25793	101.34941
	82	414.9746	140.66498	101.66507
	83	414.57675	136.86504	101.58134
	84	414.48578	137.00143	101.79056
	85	414.37872	137.7956	101.9214
	86	414.67358	137.79773	102.00911
	87	414.61798	137.1775	101.93831
	88	419.66373	128.69888	101.50564
	89	426.05048	121.85264	101.17817
	90	430.48517	120.31693	100.81333
	91	433.39297	123.28733	100.53121
	92	437.8977	136.7814	99.75645
	93	438.0966	147.62885	99.52782
	94	434.46057	158.22159	99.513405
	95	427.15417	169.39519	99.63134
	96	409.16812	190.17001	99.431984
	97	401.80353	197.77188	99.2401
	98	396.5125	203.47176	99.14438
	99	394.07953	206.21466	99.196144
	100	398.53275	203.80489	100.10919
	101	403.63824	198.85434	100.70379
	102	409.178	193.26143	101.30202
	103	412.49374	188.15611	101.751305
	104	417.96417	179.0961	102.48831
	105	419.00507	177.51395	102.46979
	106	419.26935	176.84828	102.43534
	107	416.7774	179.85867	102.36815
	108	409.11035	185.7303	102.3549
	109	405.27972	187.30719	102.42715
	110	402.04108	186.1651	102.53934
	111	402.1106	184.19359	102.59484
	112	408.13715	173.73238	102.94802
	113	411.40692	166.9311	103.023865
	114	414.76047	159.44397	103.01199
	115	416.9088	151.19421	102.80505
	116	417.64136	136.711	102.02573
	117	415.79846	141.62466	102.25667
	118	416.1179	136.93411	101.878586
	119	416.3412	137.81448	101.90977
	120	415.02936	132.966	101.53537
	121	414.93137	131.77893	101.38768
	122	414.6431	130.90897	101.599
	123	414.94086	126.513275	101.54047
	124	418.60913	110.48334	101.404655
	125	419.9652	103.99666	101.36513
	126	421.57382	99.505005	101.32303
	127	421.83612	97.125824	101.34447
	128	422.22906	96.77074	101.25188
	129	422.58612	100.58792	101.12946
	130	422.98813	105.6154	100.7874
	131	422.16183	116.08732	100.54279
	132	409.7069	148.72108	100.435684
	133	398.83826	163.8069	100.59378
	134	389.1272	176.07994	105.6722
	135	380.03998	183.01724	103.09254
	136	377.24338	190.44215	101.095566
	137	376.4432	205.7808	97.81103
	138	375.34644	209.9724	96.95546
	139	372.8624	210.68079	96.7779
	140	370.43854	213.21237	97.14353
	141	368.32318	213.0614	97.470055
	142	366.65497	212.4112	97.68416
	143	365.6872	211.93198	97.76656
	144	365.2619	209.01874	97.655426
	145	365.87152	204.41243	97.51476
	146	366.19583	202.2562	97.23491
	147	366.4259	200.41425	96.98594
	148	366.06168	197.82951	96.36622
	149	365.97424	197.9682	96.06247
	150	366.05576	200.57303	95.75708
	151	365.37082	201.864	95.553825

Effects	3D Point Control #6	3D Point #2
	Frame	X pixels	Y pixels	Z pixels
	0	543.1408	206.88571	89.736725
	1	545.53186	205.43137	90.500206
	2	550.00867	202.52438	91.24052
	3	554.61456	198.7634	92.15689
	4	564.1192	191.00772	93.81862
	5	569.688	184.73878	94.45412
	6	572.5811	178.71288	94.96553
	7	575.77405	174.26749	95.35676
	8	578.593	169.17337	96.03389
	9	579.10706	168.23776	96.22389
	10	579.37305	167.48949	96.31531
	11	579.2965	166.73306	96.47886
	12	579.7224	166.16476	96.56898
	13	579.29816	166.11641	96.52755
	14	579.2598	166.06145	96.57308
	15	578.9099	166.08968	96.52851
	16	579.09644	165.8085	96.49846
	17	579.23395	165.33089	96.49468
	18	578.67456	165.32623	96.40324
	19	579.1455	165.62419	96.22361
	20	577.2748	160.74391	96.71019
	21	577.25916	158.15839	96.734
	22	574.88293	155.4739	97.01062
	23	572.2173	151.69733	97.41536
	24	570.0062	147.51047	97.59197
	25	567.6485	145.13255	97.57953
	26	565.8893	143.76067	97.60988
	27	564.06335	144.44217	97.3477
	28	557.2852	147.3948	97.36452
	29	553.6314	149.14531	97.44421
	30	550.83936	149.54782	97.38623
	31	549.6834	153.87866	97.33209
	32	545.34796	158.05428	97.62464
	33	543.33405	158.90433	97.77414
	34	542.08093	159.29602	98.05084
	35	541.2036	159.30135	98.31633
	36	536.8279	161.74983	98.47648
	37	534.98474	162.80832	98.66762
	38	533.914	163.37149	99.012665
	39	532.07965	162.37323	99.443
	40	530.2383	161.33017	99.7462
	41	529.7915	161.11775	99.78579
	42	529.5471	160.77135	99.772484
	43	527.9669	160.45966	99.8799
	44	525.38617	160.62079	99.60655
	45	524.71045	160.7531	99.44847
	46	524.67267	159.53189	99.33912
	47	524.77765	158.08331	99.43243
	48	525.00244	157.61206	99.17271
	49	525.7582	153.78473	98.84229
	50	527.1014	146.12354	98.20154
	51	521.7001	134.75969	97.414955
	52	507.71326	112.06805	95.97864
	53	501.0354	102.131714	94.62568
	54	492.84772	97.589905	92.95295
	55	485.5287	102.70445	91.107574
	56	480.24774	124.63481	88.09653
	57	479.55994	144.49696	87.8781
	58	479.75952	168.7972	87.69906
	59	470.27686	194.21825	88.22255
	60	450.77795	247.77849	91.64118
	61	438.30347	263.46027	93.59006
	62	427.76703	271.8311	94.46246
	63	418.09357	281.63687	95.07578
	64	402.0285	297.91284	95.88488
	65	399.015	299.89426	96.055695
	66	400.7141	298.46948	96.03791
	67	408.2307	294.42755	95.94295
	68	437.01602	281.48608	95.27241
	69	454.9098	267.87357	94.80699
	70	471.9314	250.90213	94.81505
	71	490.20746	229.59793	94.649055
	72	512.0713	177.204	94.956375
	73	513.07935	146.81653	95.40754
	74	508.73346	117.72252	96.01112
	75	498.48987	90.84277	96.42199
	76	466.99548	52.49295	96.9747
	77	445.50702	54.00232	97.82309
	78	429.17426	49.04384	98.35032
	79	416.07996	52.707382	98.74656
	80	402.42813	52.459824	99.23669
	81	401.63022	47.47769	99.31333
	82	406.48584	51.228943	99.42153
	83	410.8286	46.854675	99.320595
	84	420.1939	46.80066	99.22473
	85	419.5902	47.413773	99.10861
	86	419.0304	47.28163	99.011696
	87	423.1098	46.860397	98.99331
	88	444.6949	41.941833	99.02009
	89	465.0354	40.825394	99.02517
	90	483.93234	49.17543	99.19597
	91	499.7657	64.36478	99.11971
	92	523.1405	111.28627	98.900246
	93	528.3188	137.85999	98.61405
	94	525.54236	166.08475	98.29331
	95	516.25116	192.28732	98.069084
	96	488.72095	239.13843	97.39636
	97	471.57092	259.56268	97.63091
	98	458.125	273.79346	98.37487
	99	449.80627	280.90552	99.51205
	100	457.83856	273.4916	101.454605
	101	468.73215	260.42554	102.303986
	102	480.09955	245.42459	103.05051
	103	489.58527	227.4255	103.460884
	104	504.39642	195.98854	102.65001
	105	508.53632	187.36829	101.7724
	106	509.9773	187.7772	101.12425
	107	507.91418	192.70908	100.69008
	108	500.57214	197.90291	100.08799
	109	496.85596	195.84923	100.12652
	110	492.91125	191.90747	100.43732
	111	492.53546	183.01146	100.81911
	112	494.23077	151.07687	101.331345
	113	491.74066	131.08078	101.44946
	114	485.65594	109.023575	101.33775
	115	476.5464	88.25911	100.78271
	116	449.07025	56.222748	99.630455
	117	433.3996	57.226227	99.42772
	118	422.4402	50.63655	99.097244
	119	414.66324	51.02426	98.987236
	120	414.15723	45.502625	99.14781
	121	420.1577	44.848907	99.519165
	122	427.65802	45.182022	99.89717
	123	436.52066	42.787903	100.05326
	124	457.67908	33.47888	100.147964
	125	466.77527	31.524427	100.216354
	126	473.89886	30.729492	100.25474
	127	477.27722	30.351072	100.239204
	128	478.41455	28.185287	99.4152
	129	476.08295	28.270157	98.516396
	130	473.96207	29.690063	97.098625
	131	469.97504	37.826477	95.62036
	132	451.8551	73.86536	92.678185
	133	444.57422	104.547485	91.26331
	134	419.86432	146.77487	93.901695
	135	419.29742	180.89622	91.23577
	136	418.33148	212.72409	89.735466
	137	415.71057	271.48203	91.31419
	138	412.84906	286.31857	93.36776
	139	407.10913	292.70502	94.69876
	140	401.09766	300.80704	94.53659
	141	398.1371	301.4487	94.09467
	142	395.22	301.7954	93.6747
	143	393.3104	301.86038	93.237305
	144	390.84265	298.53772	92.21852
	145	388.70193	293.878	91.96585
	146	387.1487	291.87842	91.55929
	147	386.42212	289.97736	91.13989
	148	386.12567	286.9586	90.106064
	149	385.89398	286.5522	89.41893
	150	384.987	288.99216	88.684364
	151	384.23477	289.52283	87.98072

Effects	3D Point Control #7	3D Point #2
	Frame	X pixels	Y pixels	Z pixels
	0	261.99283	116.36682	96.33502
	1	264.6037	115.85117	96.249855
	2	267.1509	115.38932	96.36942
	3	269.41635	114.71449	96.40957
	4	273.92874	114.68224	96.04646
	5	275.8451	114.353424	95.90172
	6	277.62155	113.67071	95.704735
	7	279.3235	113.71458	95.375534
	8	282.15698	111.71637	95.20591
	9	283.13763	111.73605	95.08029
	10	283.95966	112.920166	94.75213
	11	284.81635	113.198326	94.642914
	12	285.53067	112.702	94.45979
	13	285.62363	113.26706	94.34636
	14	285.6186	112.81706	94.39277
	15	285.64188	113.02221	94.338715
	16	285.5591	111.59573	94.46075
	17	285.4639	110.572495	94.484215
	18	285.3355	109.839294	94.57324
	19	285.1731	109.60736	94.62243
	20	283.74142	109.510574	94.56095
	21	282.7825	110.37245	94.359184
	22	282.20642	108.5565	94.54023
	23	280.69077	107.651566	94.62196
	24	277.10284	106.722015	94.72401
	25	274.9721	107.61592	94.68149
	26	272.9522	108.096085	94.663795
	27	271.16675	108.26306	94.65149
	28	266.41776	108.431595	94.65049
	29	264.06375	109.3802	94.73446
	30	262.10226	109.39925	94.71606
	31	259.94614	110.4436	94.67214
	32	255.9119	111.74774	94.63026
	33	254.01251	111.05989	94.686195
	34	252.25601	110.784836	94.730865
	35	250.65381	110.92461	94.732605
	36	248.12137	111.25192	94.88104
	37	247.25092	111.72504	94.83127
	38	246.33853	111.95758	94.87599
	39	245.51395	112.65534	94.80152
	40	244.33841	112.71707	94.824326
	41	243.68866	112.3159	94.850716
	42	242.55418	111.53578	94.89523
	43	241.70012	111.647064	94.91151
	44	240.53384	111.293076	94.794014
	45	239.70648	112.32543	94.762856
	46	239.15518	112.51314	94.78263
	47	238.7384	112.65144	94.769875
	48	237.8357	112.34754	94.80949
	49	237.35861	112.21275	94.82306
	50	236.8878	112.62071	94.83317
	51	236.3743	112.884125	94.80437
	52	235.1674	113.018814	94.82333
	53	235.0101	112.86601	94.83745
	54	234.69566	113.46191	94.82581
	55	234.38391	113.20313	94.94754
	56	233.94789	112.15903	94.97295
	57	234.14835	111.645905	94.95382
	58	233.9592	111.01828	94.934235
	59	233.80815	110.57411	94.91568
	60	233.41144	110.21678	94.98865
	61	232.65201	110.18146	95.102974
	62	232.5246	110.57895	95.18753
	63	231.94556	111.01929	95.216736
	64	231.95865	112.030136	95.052185
	65	232.01613	112.45188	95.03849
	66	232.04935	111.66092	95.0933
	67	232.21391	112.72061	94.874664
	68	231.73825	113.10678	94.8989
	69	231.74808	112.69683	94.9789
	70	232.05252	112.240135	94.93882
	71	232.37082	111.40349	94.99701
	72	232.86105	110.25984	95.15426
	73	232.9584	110.7554	95.14027
	74	233.25928	111.222916	95.06687
	75	233.48743	111.655	94.90834
	76	233.67758	110.481415	94.850624
	77	233.79608	109.688034	94.81863
	78	234.13199	109.02562	94.78861
	79	234.42111	108.99127	94.73105
	80	234.78552	108.09108	94.75292
	81	235.19342	108.41943	94.791046
	82	235.45444	109.1481	94.69541
	83	235.37363	109.5352	94.68906
	84	235.69205	109.56175	94.80099
	85	235.75095	109.52966	94.81853
	86	235.46176	108.84424	94.90297
	87	235.79382	109.74902	94.81638
	88	236.40894	109.7287	94.74371
	89	236.64517	109.670074	94.73793
	90	236.95013	109.26993	94.73724
	91	237.21033	109.033676	94.77306
	92	238.18616	109.64412	94.68878
	93	238.53397	109.45355	94.751915
	94	238.83171	109.64923	94.74312
	95	239.21414	109.686554	94.75145
	96	239.41382	110.53357	94.664116
	97	239.43848	110.72252	94.61903
	98	239.4893	111.79387	94.58329
	99	239.60376	112.17662	94.60114
	100	239.68158	112.10313	94.69613
	101	239.86868	111.98996	94.75631
	102	239.83923	111.46092	94.78973
	103	239.73734	111.25374	94.69314
	104	239.90482	109.8006	94.68787
	105	240.23834	109.242325	94.74649
	106	240.61877	108.67813	94.71244
	107	240.88652	108.33075	94.65824
	108	240.87976	107.642	94.58785
	109	240.80344	107.5143	94.4364
	110	240.47949	107.824615	94.44786
	111	240.20886	107.90451	94.38253
	112	239.34644	108.23712	94.24714
	113	239.30841	107.68866	94.30034
	114	239.37872	107.44202	94.3059
	115	239.38452	107.5531	94.323555
	116	239.12247	107.39545	94.356766
	117	238.65741	107.989944	94.34221
	118	238.37527	107.21257	94.44941
	119	238.089	106.930176	94.49317
	120	237.50024	107.03827	94.500206
	121	237.17578	107.30339	94.44633
	122	237.0116	107.2753	94.41193
	123	236.7734	107.907974	94.39515
	124	236.13223	108.51451	94.44281
	125	236.14935	107.489426	94.5214
	126	236.09346	107.10651	94.55933
	127	235.97794	106.80307	94.53085
	128	235.1307	107.17235	94.429756
	129	234.86734	107.389496	94.35389
	130	234.37685	107.38861	94.32939
	131	234.15912	108.075745	94.259285
	132	233.79776	108.646835	94.30192
	133	233.96832	108.939026	94.27357
	134	233.91571	109.205215	94.29913
	135	234.07834	109.201385	94.32916
	136	234.1838	110.040985	94.33481
	137	233.54144	110.605865	94.51824
	138	233.46326	110.561554	94.57027
	139	232.90906	110.46504	94.65459
	140	232.45827	110.3345	94.52519
	141	232.3916	110.269455	94.43025
	142	232.2196	109.772125	94.4382
	143	231.72595	110.018005	94.35586
	144	231.62668	110.383896	94.25794
	145	230.88254	110.67345	94.267944
	146	230.35185	110.58058	94.37362
	147	230.01569	110.99997	94.288536
	148	229.37973	110.86493	94.507835
	149	229.0586	111.51541	94.39028
	150	228.95319	111.002914	94.40906
	151	228.82309	111.08438	94.45324

Effects	3D Point Control #8	3D Point #2
	Frame	X pixels	Y pixels	Z pixels
	0	215.86194	193.11421	96.74575
	1	216.51666	189.28336	96.94772
	2	214.49457	185.75737	97.07438
	3	212.70828	181.83545	97.23759
	4	207.67429	175.2363	97.29606
	5	205.39615	172.19716	97.42266
	6	204.73068	169.86792	97.38588
	7	203.80438	167.66745	97.36782
	8	202.6251	165.3486	97.253716
	9	202.66516	164.31555	97.226425
	10	202.79756	163.92365	97.18822
	11	203.01523	163.73181	97.16851
	12	203.37	163.39432	97.00383
	13	203.47769	163.38663	96.97592
	14	202.10767	163.77206	96.888275
	15	202.46014	163.51567	96.84321
	16	202.54788	164.49945	96.78629
	17	203.6651	164.43402	96.74285
	18	202.70624	165.07812	96.82179
	19	200.91672	164.97728	96.88631
	20	199.9013	163.23035	96.89505
	21	198.6478	160.99527	96.8221
	22	196.0068	159.17743	96.83604
	23	193.34918	157.22635	96.84312
	24	189.17361	152.1531	96.8849
	25	187.28946	150.1708	96.891975
	26	184.56232	149.47702	96.89528
	27	182.72458	149.30872	96.77204
	28	179.4302	148.55212	96.64242
	29	178.37073	148.3118	96.54702
	30	176.38536	148.5605	96.42291
	31	174.01031	149.10922	96.33615
	32	171.33269	149.94318	96.32033
	33	170.5556	150.02228	96.35987
	34	169.12277	150.35934	96.380035
	35	167.66147	150.67618	96.39036
	36	164.88022	151.57022	96.374535
	37	163.60281	152.42023	96.48581
	38	162.43768	152.95251	96.492935
	39	161.4732	153.61757	96.444954
	40	157.4027	155.08363	96.41187
	41	155.90086	155.49028	96.45891
	42	155.02704	155.6171	96.40514
	43	154.1421	155.83011	96.37847
	44	153.4126	156.02255	96.317375
	45	153.16301	156.98938	96.233734
	46	154.66446	157.53885	96.26735
	47	154.06105	158.71397	96.10834
	48	151.67624	161.01509	95.87717
	49	153.55182	162.4566	95.96663
	50	155.92717	164.55809	96.06025
	51	160.64926	167.21805	96.2541
	52	169.28854	171.42096	96.17328
	53	173.33229	173.43211	96.034004
	54	177.01262	175.12738	95.867386
	55	176.75673	176.29361	95.58456
	56	176.87082	179.03882	95.22064
	57	177.25615	180.52762	95.03483
	58	178.59108	183.91414	94.79213
	59	179.14711	187.44835	94.69485
	60	186.41055	196.72653	94.78724
	61	191.67303	202.0431	94.99433
	62	197.65753	207.42542	95.122795
	63	202.73358	211.50494	95.28679
	64	211.0499	216.45772	95.470825
	65	213.21634	218.43462	95.4857
	66	213.22043	218.05919	95.46822
	67	209.8797	217.37984	95.3086
	68	200.28949	210.25952	95.08967
	69	194.35217	205.72607	95.020615
	70	187.4834	200.09018	94.90937
	71	181.27219	193.66452	94.92998
	72	172.06436	179.14928	94.84462
	73	169.65192	171.46454	94.82236
	74	166.61095	163.28427	94.710495
	75	162.88995	155.33652	94.43027
	76	160.32167	144.21677	93.94286
	77	160.14978	141.37872	93.93575
	78	160.23221	138.70502	93.64365
	79	159.04228	134.37563	93.407646
	80	158.03758	131.02963	93.07691
	81	157.74544	130.39502	92.83431
	82	157.92372	130.39487	92.71906
	83	157.71056	130.29285	92.60161
	84	157.35509	129.96036	92.42239
	85	157.94482	126.633125	92.283615
	86	157.88844	124.38528	92.165474
	87	158.22266	123.44794	92.10465
	88	159.61368	120.380615	91.946014
	89	160.55246	119.175735	91.937485
	90	153.94296	115.76529	91.29339
	91	147.70375	115.73396	90.698364
	92	147.06952	130.55957	90.72474
	93	150.26677	141.69081	90.9128
	94	155.0244	153.25941	91.182236
	95	162.00987	164.93889	91.6167
	96	177.12262	184.56854	92.42909
	97	182.64328	192.29137	92.61426
	98	187.5689	197.69437	92.70708
	99	189.598	201.02335	92.77907
	100	187.47684	197.76953	92.99432
	101	183.80457	193.40173	93.1209
	102	178.5335	188.58427	93.15942
	103	173.89282	184.2313	93.27933
	104	168.6217	180.43927	93.256744
	105	169.36124	179.77435	93.203445
	106	172.50832	180.45746	93.07623
	107	176.79236	182.8431	93.06258
	108	182.35187	186.7194	93.3274
	109	183.88599	187.08655	93.51317
	110	181.5082	186.57394	93.456924
	111	178.3948	183.20137	93.37792
	112	171.03482	170.91484	93.16958
	113	167.54178	162.83177	93.0094
	114	163.70685	154.70114	92.70408
	115	161.32597	147.01666	92.37604
	116	158.43979	135.49666	92.04409
	117	160.9578	135.64203	92.25266
	118	161.50139	132.8898	92.151886
	119	162.02628	131.02634	92.05966
	120	161.57549	127.901245	91.76413
	121	162.1597	127.08203	91.796165
	122	161.10872	123.60669	91.64725
	123	159.08232	119.37555	91.52341
	124	155.52042	106.96442	91.089935
	125	153.58841	99.242676	90.78267
	126	152.40263	93.017105	90.57115
	127	151.83113	88.87096	90.47223
	128	151.09277	88.262634	90.531364
	129	150.23215	91.7184	90.5424
	130	149.73682	98.423416	90.51085
	131	150.23047	108.65033	90.49756
	132	157.3211	138.03099	90.888214
	133	164.90982	153.76799	91.29509
	134	175.0582	166.04117	92.14844
	135	184.84998	175.47911	92.97594
	136	191.32288	183.28099	93.238785
	137	196.65219	196.52809	92.998116
	138	197.21179	202.60333	92.54976
	139	199.8309	206.28705	92.32561
	140	202.86343	211.72119	92.68148
	141	203.79172	212.61012	93.04083
	142	203.48215	213.70645	93.346405
	143	201.42062	213.34903	93.5726
	144	197.26668	210.37662	93.68137
	145	196.00746	209.34099	93.61598
	146	193.32236	207.15474	93.65873
	147	191.26117	205.57692	93.60395
	148	187.1058	200.98448	93.51374
	149	184.90373	198.69624	93.30621
	150	184.18637	197.06625	93.15321
	151	183.37366	195.42563	92.97727

Effects	3D Point Control #9	3D Point #2
	Frame	X pixels	Y pixels	Z pixels
	0	127.78517	231.56572	89.895836
	1	127.8678	224.95546	90.77689
	2	125.19165	220.74826	91.69314
	3	122.98457	215.11957	92.68656
	4	118.666855	206.45312	94.77532
	5	117.406586	203.95456	95.567726
	6	117.92769	201.80527	96.29466
	7	118.353806	200.25891	96.86681
	8	119.3306	198.8603	97.677025
	9	119.7776	197.71272	97.818985
	10	120.00865	196.19849	97.94771
	11	120.14192	195.50912	97.93721
	12	120.75908	194.68503	97.83932
	13	120.71953	194.42946	97.744316
	14	118.91316	195.03429	97.625175
	15	119.37427	194.80203	97.68107
	16	119.475845	197.10059	97.62489
	17	119.73903	195.96799	97.59795
	18	118.19098	197.85895	97.466736
	19	116.07364	199.63583	97.57639
	20	113.90459	197.74802	98.021255
	21	112.76305	195.33762	98.33472
	22	108.826904	191.02695	98.355286
	23	104.5948	186.87534	98.11122
	24	97.89795	178.15005	97.61793
	25	95.11394	174.81381	97.21709
	26	90.88808	172.22147	96.76744
	27	87.84274	171.00977	96.28475
	28	83.74783	170.18146	95.39866
	29	82.83038	170.7056	95.135475
	30	80.42099	172.61182	94.871056
	31	77.86685	174.10376	94.78927
	32	75.09308	176.32951	94.63723
	33	74.5004	176.7338	94.68885
	34	73.78163	179.20192	94.793976
	35	72.86333	180.97507	94.89225
	36	71.12462	182.80086	95.059456
	37	70.17949	183.13559	95.12711
	38	69.405685	183.43004	95.23477
	39	68.91489	183.58769	95.3536
	40	64.32132	186.21295	95.01159
	41	62.78116	186.71065	95.18725
	42	61.74411	187.17805	95.184616
	43	60.994476	187.44739	95.24944
	44	59.413574	185.51305	95.131996
	45	58.55182	185.03201	95.14908
	46	59.394745	183.8013	94.95008
	47	57.67514	182.4469	94.79061
	48	54.04431	178.84557	94.69246
	49	54.30838	172.94836	94.27613
	50	55.907196	162.02356	93.56028
	51	62.107025	149.0311	92.707466
	52	78.69328	126.734634	90.949974
	53	85.84462	121.6013	90.142044
	54	88.66162	124.087	89.393654
	55	85.03482	131.12753	88.324394
	56	76.47716	161.00497	87.752815
	57	75.439514	181.18785	88.12374
	58	78.56029	203.03198	88.73361
	59	84.93518	224.33676	89.33786
	60	111.633575	261.74103	90.261055
	61	126.48166	277.0172	90.66098
	62	141.28947	288.91055	91.03091
	63	154.51039	298.40625	91.57568
	64	173.8825	309.1677	92.55899
	65	178.04282	312.49734	92.848305
	66	175.63052	311.4677	92.997154
	67	169.43149	310.02704	92.81493
	68	144.06406	292.71246	91.478424
	69	127.00943	278.88712	90.81267
	70	109.93666	262.4868	89.93715
	71	93.35925	240.54669	88.95565
	72	72.57956	183.47766	87.03827
	73	72.09367	150.9151	86.63813
	74	75.765915	120.646805	86.461914
	75	84.52132	92.76108	86.630066
	76	111.68974	56.594437	87.55411
	77	127.590195	47.409622	88.19545
	78	141.27844	41.226868	88.81393
	79	152.4833	35.413544	89.15909
	80	161.65193	31.012741	89.319336
	81	159.5735	29.592026	89.13907
	82	157.0912	28.976334	88.812904
	83	156.95142	28.58966	88.62759
	84	160.98717	28.369888	88.422874
	85	161.1861	24.63649	88.24834
	86	158.41078	21.791397	87.88512
	87	149.9833	20.517822	87.4451
	88	123.35141	21.970673	86.55565
	89	107.36954	28.103577	86.141975
	90	87.21776	30.986725	85.24236
	91	66.381775	42.196518	84.34149
	92	47.48123	88.5307	83.11226
	93	47.079407	116.23993	82.900826
	94	51.036102	145.69675	82.88947
	95	60.60724	175.63712	83.30246
	96	88.90022	229.53082	84.784874
	97	100.80525	249.70027	85.60404
	98	110.4285	263.35544	86.33528
	99	113.201645	269.62228	87.16865
	100	104.03383	258.93933	87.42617
	101	94.69588	245.73068	87.26714
	102	83.65166	229.95233	86.80269
	103	74.18573	213.981	86.065834
	104	64.73129	191.82309	84.42263
	105	65.468216	188.76514	83.753456
	106	69.617294	191.10815	83.35259
	107	74.84346	195.22394	83.201164
	108	82.41142	207.86809	83.63883
	109	84.25134	210.19322	84.11134
	110	80.64421	206.78287	84.23689
	111	75.66489	196.82736	84.2676
	112	66.53786	158.60083	84.05475
	113	65.26196	134.04501	83.88341
	114	66.900986	108.13225	83.825905
	115	73.443756	84.25131	83.98749
	116	99.2281	46.8714	84.74064
	117	114.74013	40.348846	85.4066
	118	127.23137	32.833054	85.81115
	119	135.8104	28.333466	86.15345
	120	134.53856	23.81845	86.19661
	121	129.24213	24.108505	86.10383
	122	122.84	21.487045	85.83178
	123	118.00391	17.358734	85.419685
	124	103.02222	7.573761	84.44251
	125	93.08798	2.7505493	83.85589
	126	84.532135	0.07885742	83.489075
	127	78.98515	-1.331665	83.29298
	128	77.191864	-1.7155304	83.068924
	129	80.485	-0.96224976	82.82086
	130	85.879364	2.8101044	82.497185
	131	92.38069	11.2035675	82.09283
	132	107.688065	44.845383	80.99026
	133	113.36156	69.723434	80.30418
	134	117.93887	103.769455	79.621796
	135	125.25192	145.03336	79.64525
	136	129.8397	185.24753	79.936646
	137	139.01247	251.09511	81.98151
	138	143.2806	274.1445	83.61891
	139	146.69365	287.36728	85.45491
	140	151.74289	299.98364	88.14171
	141	151.8438	300.85696	88.839905
	142	148.38829	300.6038	89.397934
	143	143.48769	298.748	89.85981
	144	130.08878	288.24176	90.38473
	145	122.335846	280.91724	90.29387
	146	113.93448	272.63354	89.94672
	147	104.88925	263.26813	89.36937
	148	89.47958	239.23137	88.13863
	149	83.24864	225.79681	87.54111
	150	79.68935	213.74947	87.129555
	151	77.05133	203.9128	86.7755

Effects	3D Point Control #10	3D Point #2
	Frame	X pixels	Y pixels	Z pixels
	0	358.4625	234.85033	90.78128
	1	360.91852	234.87529	90.7909
	2	363.6767	233.49031	90.52259
	3	365.89697	232.52052	90.358765
	4	370.98325	233.42865	90.22966
	5	373.24792	233.39923	90.209785
	6	374.76904	233.71786	90.25362
	7	376.86157	234.76834	90.34466
	8	378.77335	234.21327	90.49213
	9	379.64667	234.71776	90.450676
	10	380.2985	237.25282	90.60471
	11	381.45367	237.68787	90.61065
	12	382.24945	237.79265	90.792816
	13	382.41858	238.67586	90.842476
	14	382.33936	238.09691	90.778854
	15	382.2208	238.61652	90.858055
	16	382.02237	236.8042	90.74558
	17	381.08008	236.33784	90.79997
	18	380.74905	235.38222	90.68958
	19	380.93042	234.74399	90.69426
	20	379.69327	234.77487	90.8861
	21	378.95233	236.20218	91.21191
	22	377.8935	234.20082	91.23945
	23	375.77386	233.44778	91.232605
	24	371.77386	232.5848	91.48757
	25	369.50323	233.69116	91.50829
	26	367.58783	234.18552	91.63169
	27	365.64868	234.58981	91.85976
	28	359.9217	235.59717	92.32138
	29	357.75885	236.18965	92.34604
	30	356.13354	236.10933	92.705925
	31	353.287	237.83582	92.97492
	32	348.93207	239.48187	93.07462
	33	346.3169	239.14954	93.10078
	34	343.8285	239.25725	93.07748
	35	341.86835	239.6191	93.04028
	36	339.52545	239.3939	92.97808
	37	338.78522	239.92374	93.042595
	38	338.2074	239.81789	93.08752
	39	337.5323	240.59904	93.09866
	40	335.94348	240.90111	93.13595
	41	335.4092	240.33557	93.13013
	42	334.50485	239.2542	93.13934
	43	333.76096	239.2348	93.1358
	44	332.70114	239.10689	93.22747
	45	332.021	240.10957	93.203766
	46	332.02716	239.80235	93.11416
	47	331.8897	239.76642	93.10866
	48	331.2303	239.16835	93.104
	49	330.86615	238.90244	93.0913
	50	330.61536	239.10034	93.04006
	51	330.4676	239.16689	93.04686
	52	329.202	239.32697	93.146065
	53	329.04333	239.16988	93.22907
	54	328.8338	239.7093	93.1951
	55	328.59576	239.04805	93.14076
	56	327.56314	238.32306	93.09656
	57	327.1896	238.29715	93.137955
	58	326.60638	237.98996	93.12551
	59	326.28326	237.72104	93.14261
	60	325.56186	237.24849	92.888954
	61	324.56165	236.97502	92.755066
	62	323.9449	237.31813	92.5208
	63	323.62442	237.41377	92.42717
	64	325.1169	237.95187	92.57306
	65	326.04053	237.72026	92.48537
	66	326.33823	236.48747	92.4049
	67	326.71014	238.10713	92.48638
	68	325.6817	238.82584	92.45459
	69	325.26617	238.40996	92.34056
	70	325.52545	238.20215	92.484604
	71	325.76703	237.2131	92.44624
	72	325.4968	236.30743	92.637535
	73	326.15778	236.45848	92.66228
	74	326.62326	237.13293	92.818085
	75	327.36035	237.72588	92.99137
	76	327.768	236.64777	93.250885
	77	327.60205	236.19429	93.394035
	78	327.52716	235.96667	93.564415
	79	327.59332	236.27191	93.66579
	80	327.65094	235.5976	93.891365
	81	328.0106	235.89151	93.93872
	82	327.63318	237.32779	94.06849
	83	327.41895	237.84264	94.15127
	84	328.177	237.29637	94.06797
	85	328.52472	237.02179	94.09143
	86	328.50104	235.96162	94.17515
	87	329.02563	236.92458	94.14857
	88	329.18036	237.40465	94.152084
	89	329.49762	237.29022	94.0741
	90	329.37494	237.20274	94.09487
	91	329.59137	236.91013	94.04396
	92	330.39093	237.83537	94.01519
	93	330.80115	237.44807	93.93792
	94	331.3	237.49644	93.80315
	95	331.9511	237.282	93.63076
	96	333.02386	237.66896	93.49163
	97	333.51303	237.62498	93.490616
	98	334.2605	238.26471	93.444786
	99	334.6312	238.41594	93.42298
	100	334.29166	238.46107	93.53593
	101	334.09042	238.53091	93.68032
	102	333.6853	238.22925	93.8344
	103	333.41058	238.37976	93.95279
	104	332.11563	237.99498	94.068405
	105	331.70343	237.82523	93.96826
	106	331.46118	237.78212	93.98791
	107	331.26773	237.88019	94.00364
	108	330.51678	237.85095	93.94342
	109	330.10278	238.28326	94.07238
	110	330.21924	238.26523	94.01449
	111	329.34106	238.90054	94.08347
	112	326.91003	240.52176	94.47685
	113	325.96198	240.46437	94.60224
	114	325.34174	240.64424	94.7192
	115	325.00674	240.93118	94.80504
	116	324.5039	240.84546	94.95148
	117	324.86142	240.91815	95.009056
	118	325.5627	239.30504	95.01053
	119	325.71	238.66232	95.00822
	120	326.10074	238.11647	94.92739
	121	326.25943	238.16174	94.88796
	122	326.35492	238.01959	94.91155
	123	326.92416	238.12425	94.90851
	124	327.21613	237.95674	95.08177
	125	327.1859	236.835	95.01699
	126	327.33862	236.24092	94.99316
	127	327.46436	235.82025	95.025566
	128	326.98846	236.10378	95.07769
	129	326.34396	236.73456	95.0651
	130	326.1356	236.60648	94.947815
	131	326.12885	237.27553	94.916115
	132	325.94406	237.69452	94.49663
	133	326.46564	237.80055	94.385056
	134	326.8651	237.69302	94.25512
	135	326.93567	237.69632	94.21614
	136	326.83295	238.67534	94.13788
	137	325.9634	238.99736	93.98476
	138	325.11075	239.37344	93.886314
	139	323.84598	239.54985	93.73229
	140	322.51917	240.3034	93.638565
	141	322.58044	240.35013	93.55023
	142	322.58682	239.69229	93.4899
	143	322.71225	239.70044	93.52538
	144	324.35175	239.04095	93.489716
	145	323.49176	239.37784	93.43056
	146	322.94733	239.0064	93.29284
	147	323.10266	239.27078	93.26612
	148	323.53284	237.70615	93.01464
	149	323.7348	238.29892	93.08297
	150	324.09164	237.39314	93.08874
	151	324.54614	236.8786	92.98819

Effects	3D Point Control #11	3D Point #2
	Frame	X pixels	Y pixels	Z pixels
	0	373.51407	379.26065	89.27919
	1	375.12897	379.6098	89.07843
	2	376.51813	378.17572	89.287895
	3	378.12067	377.42816	89.21157
	4	381.96182	378.52582	89.19617
	5	383.34406	378.69406	89.098946
	6	383.46155	379.1987	89.0054
	7	384.35736	380.38556	88.923874
	8	383.47363	380.05005	88.73816
	9	384.13663	380.61017	88.73403
	10	383.57486	383.02954	88.83039
	11	384.67017	383.47272	88.83486
	12	383.5276	383.1664	89.12921
	13	383.96405	384.12244	89.05861
	14	383.336	383.85376	88.78775
	15	383.26596	384.38327	88.7463
	16	381.9358	382.8178	88.52046
	17	380.617	382.11047	88.713875
	18	381.2356	381.43024	88.49192
	19	381.56763	380.5794	88.68922
	20	379.17752	380.34674	88.82134
	21	378.05386	381.35645	89.0599
	22	376.534	379.4901	88.81297
	23	373.3975	378.9239	88.5238
	24	370.83075	377.5147	88.969894
	25	369.11658	378.59897	89.02985
	26	368.46613	378.71564	89.371475
	27	367.34125	378.88702	89.46224
	28	363.5632	379.2068	89.86409
	29	363.61575	379.604	90.00326
	30	363.17456	378.87842	90.399666
	31	361.0827	380.44995	90.361015
	32	361.4351	381.99127	90.04169
	33	359.41443	381.76794	89.76306
	34	358.35034	381.94165	89.480736
	35	358.3493	382.23553	89.331985
	36	359.56683	381.84094	88.91245
	37	359.7657	382.20673	88.88714
	38	360.02313	381.93332	88.86475
	39	359.1131	382.78665	88.8344
	40	360.2376	382.64365	88.75772
	41	360.50616	381.94702	88.691025
	42	360.63495	380.61774	88.67184
	43	360.7165	380.4452	88.675514
	44	361.03333	379.80957	88.97819
	45	360.64465	380.81403	89.010895
	46	361.52054	380.52576	88.75577
	47	361.43152	380.547	88.57353
	48	360.4984	380.0511	88.300095
	49	359.5539	379.93488	88.12432
	50	359.80072	380.12448	88.10263
	51	359.82074	380.1576	88.067116
	52	359.42102	379.9911	87.86037
	53	359.79132	379.581	87.77457
	54	360.29663	379.99445	87.26543
	55	360.6147	379.24658	87.06206
	56	360.0628	378.3274	86.62741
	57	360.17297	378.1067	86.634514
	58	359.6784	377.78534	86.662415
	59	359.23633	377.5766	87.09021
	60	359.41876	377.337	87.49627
	61	358.58914	377.17902	87.76712
	62	358.37567	377.68	88.07811
	63	358.27698	377.79883	88.26878
	64	359.8291	377.7794	89.086494
	65	359.5196	377.7978	89.2943
	66	358.76428	376.6634	89.53863
	67	359.02774	378.1834	89.698395
	68	357.50818	378.79407	90.00142
	69	358.179	378.2063	89.9906
	70	359.67175	377.32904	90.271774
	71	359.80118	376.65088	89.9706
	72	359.93506	375.52023	89.91897
	73	361.0396	375.672	89.7657
	74	360.3	376.27365	90.089
	75	361.36346	376.72803	90.004875
	76	360.49292	375.8945	89.63033
	77	360.50958	375.30255	89.447945
	78	360.4016	374.86224	89.48169
	79	360.51642	375.10834	89.27213
	80	360.40454	374.185	88.96668
	81	360.65607	374.4682	88.91976
	82	359.0535	376.0567	88.802704
	83	358.92987	376.4044	88.427216
	84	359.31012	376.0971	88.60045
	85	358.98828	375.92242	88.79045
	86	358.59372	374.72287	89.14854
	87	357.5058	376.04535	89.48134
	88	356.26254	376.7895	89.696106
	89	355.86993	376.79752	89.97518
	90	355.60175	376.47162	90.455154
	91	356.3537	376.13184	90.4776
	92	357.89645	376.9515	90.56711
	93	358.80008	376.67334	90.3223
	94	359.2519	377.0121	90.08221
	95	360.25723	376.77264	90.27842
	96	359.57666	377.586	90.390114
	97	359.87732	377.74487	90.139015
	98	360.30118	378.56732	90.072426
	99	359.7508	379.00552	89.9196
	100	358.83447	379.10455	89.79289
	101	358.89255	378.96295	89.81499
	102	357.54065	378.54437	89.997444
	103	356.75946	378.6698	89.94532
	104	355.32172	378.27194	89.525185
	105	354.81464	378.25116	89.512344
	106	354.95142	378.06433	89.68418
	107	354.92377	378.0432	89.88823
	108	353.85522	377.95667	90.257774
	109	353.58643	378.2077	90.33367
	110	354.08954	378.2755	90.160194
	111	352.2779	378.93604	90.30719
	112	351.33734	380.00955	89.88117
	113	352.30353	379.43134	89.89374
	114	352.39758	379.3116	90.002945
	115	352.5984	379.38177	90.074554
	116	353.37772	378.75873	90.366516
	117	354.27496	378.6502	90.37824
	118	354.85522	377.014	90.24824
	119	354.50256	376.43726	90.3051
	120	355.60513	375.89435	89.66852
	121	355.6219	376.04407	89.467445
	122	355.8542	375.8204	89.31251
	123	355.9056	376.05	89.23845
	124	353.93262	375.91718	88.914696
	125	353.0575	374.91238	88.61385
	126	352.68478	374.48553	88.781425
	127	351.82074	374.21545	89.00957
	128	351.37256	374.4058	88.93957
	129	351.34296	375.0042	88.99264
	130	351.7769	374.94092	88.8809
	131	352.10065	375.69424	89.21276
	132	352.17242	376.7904	88.85981
	133	353.0382	377.02573	88.70911
	134	353.27722	377.14423	88.46652
	135	352.6079	377.34106	88.38257
	136	352.95685	378.41724	88.22159
	137	352.37097	378.8963	87.815704
	138	352.0572	379.3437	87.68925
	139	351.12646	379.70267	87.51233
	140	351.58875	380.35016	87.93702
	141	352.55194	380.3678	87.833275
	142	352.139	379.84027	88.20268
	143	352.1551	379.83212	88.26249
	144	353.72388	379.18604	88.61941
	145	351.13025	379.97076	88.580124
	146	351.8484	379.47498	88.71833
	147	352.8205	379.54028	88.96594
	148	353.94482	378.0686	89.010216
	149	354.03308	378.52783	89.24158
	150	353.86438	377.68896	89.25578
	151	353.21225	377.55432	89.14265

Effects	3D Point Control #12	3D Point #2
	Frame	X pixels	Y pixels	Z pixels
	0	386.21973	484.37268	90.26947
	1	387.56647	482.6338	90.76574
	2	390.1667	483.94708	89.97011
	3	389.0573	482.53778	90.26543
	4	390.1674	483.38315	90.448555
	5	390.64722	482.71487	90.66528
	6	390.55518	482.41168	90.848076
	7	391.47733	482.46198	91.10932
	8	390.1686	481.17175	91.262566
	9	390.44806	482.27664	91.11637
	10	389.93506	483.6731	91.4434
	11	390.7155	484.98163	91.21342
	12	389.68164	486.43695	90.91465
	13	389.56476	487.6132	90.812416
	14	390.42877	487.1591	90.653786
	15	389.95477	487.18573	90.77575
	16	389.937	485.6408	90.59807
	17	388.17316	485.45862	90.59481
	18	387.95346	485.1535	90.36238
	19	388.7774	484.8583	90.323654
	20	386.5865	484.68173	90.393845
	21	386.0697	485.0865	90.710526
	22	385.61597	482.8478	90.63626
	23	384.34045	481.2929	90.664604
	24	383.3478	481.1289	90.56049
	25	383.11816	483.9214	89.993515
	26	382.43835	484.93353	89.92082
	27	381.55365	484.35632	90.22063
	28	379.66284	484.8651	90.31541
	29	380.6811	487.16016	89.64048
	30	380.54578	485.99048	90.02967
	31	378.76917	487.30334	90.09869
	32	379.73495	489.18698	89.77094
	33	378.81708	488.62585	89.66273
	34	379.1248	488.5243	89.50613
	35	379.83365	488.78934	89.38497
	36	381.14337	488.23236	89.18978
	37	380.87857	488.7914	89.14241
	38	381.26904	488.96106	88.97258
	39	382.9959	490.63135	88.46162
	40	384.1938	491.0053	88.24233
	41	385.0746	490.26556	88.178795
	42	384.69843	489.77216	87.90075
	43	385.71313	490.07104	87.644936
	44	385.7298	490.79236	87.25813
	45	385.59393	492.3863	87.00143
	46	385.02448	491.8704	87.117165
	47	383.60294	491.336	87.36256
	48	383.12842	491.02954	87.13525
	49	383.50946	490.8713	86.95903
	50	383.56622	491.96484	86.601654
	51	383.6118	491.44232	86.80737
	52	382.59824	491.52393	86.649635
	53	383.57715	491.984	86.21109
	54	383.18362	491.78485	86.27176
	55	383.9233	491.75446	85.88024
	56	383.55066	489.52692	86.1268
	57	383.9162	489.64166	85.999466
	58	383.69574	489.78647	85.82465
	59	383.68146	490.54297	85.58802
	60	382.781	491.10913	85.53565
	61	381.9473	489.67593	86.18656
	62	382.7934	490.6774	85.99209
	63	383.0299	489.14102	86.74333
	64	384.36615	488.74078	87.28728
	65	384.0427	489.13995	87.214096
	66	383.68835	487.94678	87.28761
	67	382.5198	488.10535	88.09186
	68	383.02597	487.8811	88.42152
	69	383.14618	487.40604	88.42706
	70	383.17072	486.16293	88.84286
	71	383.46936	484.73666	88.976746
	72	382.31778	482.97397	89.30824
	73	382.62344	483.5977	89.11464
	74	383.54468	484.88538	88.8405
	75	384.20184	485.9514	88.60172
	76	385.32477	485.46976	88.1047
	77	384.30627	484.7798	88.15407
	78	384.62378	484.86707	87.903206
	79	384.6214	485.53705	87.6491
	80	384.4395	484.81555	87.43401
	81	385.11	485.65533	87.13126
	82	384.79648	487.51947	86.842804
	83	385.2392	486.6776	87.102425
	84	385.10614	486.64157	87.1455
	85	384.73047	486.29175	87.31223
	86	383.44946	484.9728	87.59712
	87	384.0315	486.16046	87.624306
	88	383.01965	485.71603	88.218155
	89	382.7084	486.0514	88.183655
	90	382.03772	485.95	88.30557
	91	383.23633	484.72537	88.67072
	92	382.62952	485.1384	89.1295
	93	381.34415	484.2188	89.44334
	94	380.9766	484.32254	89.48775
	95	380.63873	485.5244	89.10059
	96	380.83057	485.70786	89.38018
	97	380.97968	485.7166	89.32882
	98	381.4952	487.0034	89.11242
	99	381.67346	487.35095	89.01777
	100	381.3523	486.9975	89.07733
	101	380.85233	487.2447	88.98488
	102	381.4701	487.2999	88.69627
	103	381.6734	487.77673	88.44231
	104	379.94043	487.26007	88.32845
	105	380.8568	486.6492	88.42444
	106	379.71622	486.3949	88.65468
	107	378.48755	487.24652	88.49418
	108	379.47064	487.74878	88.18293
	109	378.75244	487.98587	88.28055
	110	379.89838	488.48712	87.94506
	111	379.6371	488.57013	88.09683
	112	378.2381	488.24014	88.57347
	113	378.80396	488.1165	88.44049
	114	378.49426	488.06253	88.50998
	115	379.20526	488.4271	88.36271
	116	379.4843	489.47943	87.67896
	117	379.91534	489.85498	87.51322
	118	380.20374	488.5333	87.334404
	119	379.3913	488.16193	87.28725
	120	379.6447	487.3276	87.334785
	121	379.1883	487.53754	87.291176
	122	378.14062	487.1266	87.43273
	123	377.80304	488.16644	87.06628
	124	376.71695	487.4242	87.13071
	125	376.1684	485.85416	87.20448
	126	375.163	486.22998	86.97598
	127	375.34918	485.95746	86.968925
	128	374.13763	485.16656	87.45614
	129	373.82373	485.77893	87.50945
	130	374.24646	485.56955	87.52503
	131	374.8595	487.19336	87.23083
	132	375.79523	488.34137	87.024704
	133	376.87314	488.55527	86.96143
	134	376.8568	488.64774	86.894646
	135	377.2555	488.60486	86.86258
	136	376.0287	490.44925	86.61645
	137	376.43372	489.6991	86.8253
	138	376.49377	490.29517	86.687775
	139	376.61462	489.97495	86.76312
	140	376.62958	491.7878	86.56125
	141	376.3612	491.1736	86.85846
	142	376.7934	491.19205	86.73424
	143	375.58673	490.4639	87.158516
	144	376.04095	490.586	87.112465
	145	374.76813	491.542	86.91738
	146	374.81747	491.8449	86.676414
	147	375.45282	491.3286	87.07837
	148	375.09515	489.91824	87.16985
	149	374.9356	490.63785	87.179855
	150	376.38492	489.77167	87.04527
	151	376.70416	489.39624	87.025955

Effects	3D Point Control #13	3D Point #2
	Frame	X pixels	Y pixels	Z pixels
	0	293.9823	240.06592	92.2313
	1	296.43198	239.8898	92.27337
	2	298.99448	238.7583	92.02532
	3	301.05978	237.79085	91.861855
	4	305.8056	238.42204	91.59123
	5	307.9237	238.29991	91.47494
	6	309.34552	238.18504	91.42484
	7	311.2922	238.92247	91.29096
	8	313.16788	237.58464	91.30033
	9	313.9432	237.85179	91.17438
	10	314.63803	240.03104	91.23094
	11	315.76187	240.48212	91.166466
	12	316.6443	240.48045	91.25375
	13	316.83316	241.33092	91.265236
	14	316.6974	240.69734	91.17375
	15	316.6275	241.12413	91.23535
	16	316.33212	239.23245	91.07148
	17	315.41275	238.34184	91.10316
	18	315.00098	237.29295	90.99134
	19	315.1844	236.82478	90.97483
	20	314.0786	236.93832	91.10211
	21	313.57144	238.48009	91.39975
	22	312.51904	236.26453	91.38163
	23	310.38516	235.23105	91.34721
	24	306.55322	234.23471	91.52237
	25	304.28403	235.23088	91.47144
	26	302.44708	235.768	91.52326
	27	300.65637	236.10219	91.66749
	28	295.22906	236.77179	92.07989
	29	293.07886	237.50958	92.0969
	30	291.69836	237.66667	92.40444
	31	289.01776	239.10652	92.62935
	32	284.705	240.6186	92.67838
	33	282.0821	239.92773	92.64413
	34	279.5605	239.68224	92.603386
	35	277.56003	239.86142	92.547646
	36	275.15872	239.76341	92.47634
	37	274.45615	240.35823	92.52154
	38	273.9161	240.47777	92.60795
	39	273.23758	241.29855	92.57691
	40	271.666	241.43065	92.62537
	41	271.12582	240.93181	92.6219
	42	270.23264	240.00726	92.66541
	43	269.49088	240.07266	92.687805
	44	268.48932	239.9893	92.77836
	45	267.80286	241.08807	92.79454
	46	267.73984	241.02673	92.6666
	47	267.59253	241.10884	92.63228
	48	266.92615	240.64119	92.6184
	49	266.55615	240.44475	92.61751
	50	266.27466	240.76044	92.57768
	51	266.13574	241.00685	92.58423
	52	264.92365	241.15233	92.655464
	53	264.819	241.0065	92.72829
	54	264.58	241.58145	92.674995
	55	264.31134	241.00027	92.64068
	56	263.18048	239.81143	92.38838
	57	262.81366	239.41971	92.33515
	58	262.20605	238.8544	92.264946
	59	261.88562	238.47203	92.253586
	60	260.97607	237.79642	92.01739
	61	259.88513	237.49472	91.97335
	62	259.13492	237.7356	91.891365
	63	258.78204	238.05951	91.8882
	64	260.41232	239.36105	92.08855
	65	261.30066	239.57178	92.02927
	66	261.52917	238.42525	91.90195
	67	261.949	240.06186	91.9502
	68	260.9245	240.61415	92.02389
	69	260.4333	240.02646	91.94092
	70	260.7828	239.76842	92.05765
	71	260.98245	238.71126	91.9815
	72	260.81555	237.43184	92.10804
	73	261.477	237.77686	92.04549
	74	262.03876	238.46748	92.12273
	75	262.87836	239.1476	92.11242
	76	263.47397	237.99635	92.12558
	77	263.42218	237.28079	92.10477
	78	263.4936	236.76996	92.13487
	79	263.65707	236.91049	92.1377
	80	263.94968	235.95172	92.14067
	81	264.38193	236.18309	92.12805
	82	264.09753	237.37949	92.22588
	83	263.93094	237.89131	92.31356
	84	264.65488	237.46796	92.21011
	85	265.02878	237.33664	92.22822
	86	265.06436	236.4261	92.309875
	87	265.603	237.45624	92.245514
	88	265.7983	237.66267	92.18823
	89	266.057	237.55675	92.12855
	90	265.94202	237.27338	92.15437
	91	266.10693	236.95421	92.13881
	92	266.8301	237.94539	92.248634
	93	267.14575	237.63445	92.27336
	94	267.53558	237.77419	92.20292
	95	268.04474	237.6867	92.11811
	96	269.0053	238.56052	92.094696
	97	269.49347	238.78445	92.13388
	98	270.21454	239.8044	92.135506
	99	270.56906	240.11725	92.15759
	100	270.28754	240.05565	92.32572
	101	270.18146	239.98601	92.46023
	102	269.88315	239.52104	92.56869
	103	269.72363	239.51476	92.537704
	104	268.54767	238.30663	92.48082
	105	268.061	237.69774	92.37005
	106	267.8513	237.3056	92.33397
	107	267.69672	237.13031	92.285385
	108	266.91272	236.67238	92.18794
	109	266.61447	236.98329	92.25216
	110	266.71237	237.10666	92.155785
	111	265.9306	237.41777	92.121544
	112	263.75027	238.57008	92.487274
	113	262.89545	238.12778	92.58791
	114	262.38483	238.01872	92.65291
	115	262.10672	238.20096	92.7367
	116	261.6958	238.08261	92.87657
	117	262.06815	238.6018	92.95622
	118	262.79755	237.37602	92.91924
	119	262.96362	236.89159	92.88509
	120	263.34207	236.69629	92.7415
	121	263.50378	236.92761	92.66335
	122	263.64404	236.89958	92.649254
	123	264.23334	237.38448	92.628746
	124	264.6192	237.80392	92.83563
	125	264.57004	236.54158	92.7395
	126	264.7346	235.9806	92.68509
	127	264.90897	235.67067	92.68846
	128	264.42853	236.23268	92.774025
	129	263.7535	236.70746	92.76957
	130	263.45206	236.64413	92.66267
	131	263.38297	237.46936	92.6834
	132	262.81888	237.80487	92.391235
	133	263.27655	238.01714	92.27894
	134	263.58057	238.06209	92.171684
	135	263.6028	238.02289	92.167
	136	263.40585	238.92804	92.148705
	137	262.30963	239.22243	92.18959
	138	261.337	239.25203	92.17934
	139	259.89963	239.12436	92.150734
	140	258.46515	239.49684	92.14341
	141	258.45557	239.59074	92.08553
	142	258.40842	239.02155	92.06805
	143	258.55463	239.36075	92.11868
	144	260.2219	239.4302	91.96831
	145	259.28632	239.79163	92.0203
	146	258.62418	239.43185	91.9638
	147	258.76	239.95032	91.9643
	148	259.0147	238.92508	91.813934
	149	259.27536	239.8022	91.88659
	150	259.64642	239.10187	91.87155
	151	260.04257	238.85374	91.7789

Effects	3D Point Control #14	3D Point #2
	Frame	X pixels	Y pixels	Z pixels
	0	300.19666	382.97623	90.595695
	1	302.72928	382.83472	90.548065
	2	304.0643	382.32123	90.112915
	3	305.26767	381.34888	90.20704
	4	308.26337	382.5331	89.879005
	5	308.15204	382.68878	89.69298
	6	307.9883	382.5758	89.71378
	7	308.88577	383.4414	89.66513
	8	308.47595	382.0559	89.638466
	9	309.85635	382.64642	89.42764
	10	308.71637	384.5597	89.610756
	11	308.6812	384.963	89.64058
	12	308.7791	384.49744	89.96464
	13	307.7053	385.49542	89.78624
	14	306.55313	385.034	89.61169
	15	305.69937	385.30023	89.686134
	16	305.8185	383.76227	89.44868
	17	305.18002	382.68137	89.60404
	18	305.70898	382.0265	89.34291
	19	306.43933	381.62164	89.31901
	20	304.8283	381.11893	89.76958
	21	303.5664	382.19678	90.03615
	22	302.21564	380.20972	89.79583
	23	299.94925	379.24298	89.733734
	24	297.96735	377.73853	90.199066
	25	296.30643	378.85608	90.16044
	26	295.07437	379.33905	90.223976
	27	293.68546	379.37787	90.445
	28	288.76965	379.48285	90.80974
	29	287.7285	380.32602	90.760864
	30	287.66116	379.88623	91.197426
	31	286.52866	381.30396	91.17754
	32	284.01874	382.6299	91.35918
	33	281.4623	382.04837	91.27565
	34	279.99515	381.88446	91.21291
	35	280.16946	381.96426	91.27779
	36	279.87286	381.76456	91.33749
	37	279.46384	382.15378	91.49244
	38	279.49585	382.03973	91.64242
	39	279.1989	383.0551	91.48781
	40	279.0972	383.146	91.446815
	41	279.08862	382.63354	91.42915
	42	278.5529	381.5804	91.4959
	43	278.5352	381.53058	91.54542
	44	279.0203	381.3088	91.53721
	45	278.75977	382.3136	91.59623
	46	279.8944	382.4171	91.404625
	47	279.8446	382.3246	91.554665
	48	279.02347	381.77112	91.63963
	49	277.75482	381.57288	91.7004
	50	277.99146	382.00903	91.580605
	51	279.13318	382.1258	91.58799
	52	278.71533	382.10083	91.64771
	53	279.10892	381.9879	91.55059
	54	277.74832	382.78107	91.48518
	55	277.32867	382.31836	91.404366
	56	277.17734	381.38177	91.1743
	57	277.4063	380.84723	91.254364
	58	276.568	380.35446	91.23213
	59	277.24988	379.9194	91.1816
	60	277.97064	379.40125	90.95594
	61	277.67578	378.92728	91.024826
	62	278.44354	379.14032	90.89861
	63	279.05255	379.1944	91.01187
	64	280.24118	380.4063	91.08922
	65	279.5159	381.00372	90.97302
	66	278.59726	380.05182	90.96449
	67	278.88736	381.41797	91.195885
	68	278.8257	381.5633	91.40488
	69	278.9443	381.2343	91.155556
	70	280.05664	380.65417	91.29951
	71	280.12247	379.9906	91.00643
	72	280.0271	378.46722	91.156364
	73	280.422	379.08905	90.977684
	74	279.6264	379.48676	91.33875
	75	280.20288	380.38812	91.20232
	76	278.2224	379.63208	91.11379
	77	277.76566	378.80936	91.23948
	78	277.44016	378.38983	91.18835
	79	277.90454	378.54547	91.15237
	80	277.7618	377.64062	91.13701
	81	277.84576	377.69318	91.31593
	82	277.0479	378.56104	91.59746
	83	277.48972	379.0189	91.57872
	84	278.13937	378.79608	91.43999
	85	277.89148	378.86548	91.32538
	86	279.56244	377.83295	91.24921
	87	279.43875	378.929	91.28837
	88	278.84116	379.19412	91.32745
	89	279.35406	378.8058	91.537674
	90	279.57544	378.4943	91.532234
	91	280.1606	378.23474	91.45652
	92	281.1201	379.36246	91.306595
	93	280.72928	379.0838	91.33089
	94	281.1858	379.41595	91.1898
	95	281.62607	379.48993	91.08799
	96	281.2756	380.27637	91.27111
	97	280.37415	380.49017	91.36054
	98	280.3693	381.56528	91.37027
	99	279.15207	382.0089	91.34691
	100	279.04132	381.3922	91.73146
	101	277.75204	381.58417	91.550354
	102	276.92645	381.1601	91.51595
	103	277.35248	381.44534	91.25132
	104	275.68338	380.24945	91.276505
	105	275.9807	379.851	91.087494
	106	275.69308	379.02625	91.445175
	107	276.08606	379.05054	91.274445
	108	275.30725	378.63388	91.26897
	109	275.3091	378.7385	91.408485
	110	275.06857	379.02295	91.32335
	111	274.41226	379.10745	91.49867
	112	273.6106	379.4867	91.95423
	113	274.0619	378.64008	92.162445
	114	274.3921	378.66336	91.99156
	115	274.89703	378.91718	91.85762
	116	275.62198	378.74597	91.76748
	117	276.39938	379.40054	91.57962
	118	276.9829	378.44836	91.33731
	119	276.33597	377.89465	91.49371
	120	276.31198	378.03833	91.28373
	121	276.1638	378.20105	91.410126
	122	275.98703	377.80386	91.747345
	123	276.36328	378.54688	91.564415
	124	275.79364	378.75482	91.75868
	125	275.07922	377.7433	91.610825
	126	275.3837	377.36722	91.453316
	127	275.5683	377.0252	91.47855
	128	274.44348	377.64133	91.44806
	129	274.6318	378.25388	91.256325
	130	275.40717	378.21252	91.19715
	131	275.81152	378.9323	91.260635
	132	275.3368	379.44196	91.217026
	133	275.8977	379.7663	91.156715
	134	275.615	380.00613	91.07378
	135	274.9995	379.7431	91.29823
	136	274.846	380.91772	91.261185
	137	274.7506	381.02258	91.163704
	138	274.6176	381.12894	91.03416
	139	274.17587	380.67932	91.21956
	140	273.97287	381.03394	91.13338
	141	274.47284	381.2329	91.01665
	142	274.94324	380.56915	91.04489
	143	275.6788	380.64594	91.189224
	144	277.37967	380.97397	91.02188
	145	274.71222	381.37222	91.13855
	146	274.93457	381.18106	90.92868
	147	275.90842	381.71484	90.83624
	148	276.19846	380.72302	90.84793
	149	276.14172	381.45972	90.98261
	150	275.77832	380.86218	90.969955
	151	276.14563	380.8277	90.82509

Effects	3D Point Control #15	3D Point #2
	Frame	X pixels	Y pixels	Z pixels
	0	295.86765	480.5012	93.596466
	1	295.4545	480.23535	93.54054
	2	296.18124	480.361	93.05532
	3	296.19586	479.23322	93.1475
	4	297.88904	479.43155	93.117455
	5	298.75647	478.96655	93.17313
	6	298.0365	478.3431	93.31127
	7	299.5378	480.20215	93.02939
	8	297.78223	479.0489	92.92469
	9	296.50497	479.44598	92.73022
	10	298.66083	481.18665	92.98304
	11	298.74033	482.27966	92.833694
	12	295.7418	483.75064	92.446915
	13	297.03452	482.27795	93.02214
	14	296.50653	479.4741	93.50508
	15	299.06964	478.44055	93.949165
	16	298.5541	477.2304	93.72118
	17	296.52762	477.25638	93.55005
	18	297.635	475.4179	93.661705
	19	296.97296	474.2262	93.808075
	20	293.52136	475.9978	93.534195
	21	293.61597	477.76328	93.590195
	22	291.61017	475.92178	93.38388
	23	290.7314	475.04013	93.36336
	24	290.0965	474.15054	93.58355
	25	288.80627	476.2201	93.30213
	26	288.8711	475.56464	93.6686
	27	288.01227	474.7081	94.075195
	28	287.18265	476.61545	93.90024
	29	287.44122	477.99664	93.72254
	30	287.5509	477.12662	94.163086
	31	282.86584	477.34576	94.41457
	32	284.21436	480.498	94.0656
	33	283.11264	478.93274	94.28846
	34	283.93912	477.64746	94.53743
	35	284.03763	478.648	94.34066
	36	286.10104	479.07953	94.1884
	37	285.89075	479.2057	94.37164
	38	284.07462	479.37094	94.42022
	39	284.13644	480.2421	94.3425
	40	283.5361	480.19067	94.35886
	41	284.1927	479.54123	94.3828
	42	284.30197	478.8256	94.33762
	43	285.09177	479.23627	94.23028
	44	285.0612	478.60062	94.35066
	45	284.222	480.20166	94.22172
	46	283.6101	480.02576	94.1778
	47	283.22885	480.3649	94.16663
	48	283.8077	479.62738	94.27402
	49	285.52936	480.3084	94.00006
	50	285.36847	480.11096	94.113884
	51	283.28494	479.7309	94.292274
	52	282.1826	479.07266	94.53401
	53	282.69333	478.97925	94.46293
	54	283.81882	480.04828	94.301315
	55	284.38693	478.8424	94.44208
	56	283.57413	477.9572	94.26778
	57	284.27542	478.14777	94.12987
	58	285.29926	478.42883	93.8643
	59	285.4497	477.23877	94.06107
	60	285.51126	477.89175	93.59211
	61	284.25482	476.68677	93.86684
	62	283.7287	476.37012	93.937874
	63	284.656	477.02826	93.847176
	64	287.26678	477.6812	94.02678
	65	286.58813	477.58517	94.13001
	66	286.03967	476.53458	94.15696
	67	286.09634	477.99603	94.28937
	68	284.56125	479.91702	93.94308
	69	285.07422	480.16727	93.60774
	70	285.81	479.54803	93.732605
	71	285.6527	478.56842	93.62841
	72	285.44342	477.5634	93.59435
	73	286.10733	477.62314	93.625046
	74	286.75153	478.3815	93.74293
	75	286.69138	478.70337	93.82084
	76	286.6173	477.4152	93.88203
	77	287.03967	477.7946	93.60381
	78	285.60367	477.0522	93.69569
	79	284.78094	477.10065	93.72642
	80	284.8226	475.96674	93.79161
	81	285.21307	476.66034	93.7204
	82	283.47495	478.3652	93.66666
	83	283.36423	478.73798	93.68945
	84	284.25598	478.44263	93.60841
	85	285.0264	477.2561	93.880394
	86	280.4527	471.33667	95.07786
	87	282.10907	474.95117	94.47162
	88	285.6738	477.79233	93.790085
	89	285.7119	479.02124	93.46747
	90	285.6613	478.6081	93.522
	91	285.1371	478.5633	93.4312
	92	285.3578	478.64978	93.64776
	93	285.79303	477.97528	93.775764
	94	285.07227	478.43668	93.64966
	95	285.23633	476.88385	94.031105
	96	284.48798	477.68762	94.15918
	97	285.70007	478.46478	94.038574
	98	285.6343	479.14032	94.1563
	99	284.99173	478.84216	94.33753
	100	283.8579	480.02713	94.10709
	101	284.03824	478.7673	94.370964
	102	284.4447	478.76428	94.21792
	103	282.6735	477.86337	94.377914
	104	282.00137	478.6629	93.830765
	105	281.89127	477.85303	93.83577
	106	282.58212	478.51697	93.62948
	107	281.07416	477.2483	93.91348
	108	280.60718	477.20526	93.820274
	109	279.73553	477.2708	93.94201
	110	281.1121	477.9002	93.76103
	111	279.37177	477.97775	93.89938
	112	278.7035	479.36392	93.90211
	113	279.1572	479.3134	93.79284
	114	280.5468	478.89322	93.80575
	115	279.8384	477.5615	94.198784
	116	280.75024	477.8064	94.02715
	117	282.52188	477.67102	94.11076
	118	283.47058	475.91046	94.17455
	119	283.2594	476.38968	93.981674
	120	283.43436	475.54752	94.11274
	121	282.41638	476.86783	93.878426
	122	281.1107	478.3117	93.54926
	123	281.71494	477.74304	93.824524
	124	280.9251	477.88266	93.99672
	125	281.5594	477.31738	93.75224
	126	281.772	476.11566	93.89489
	127	281.6781	476.57214	93.68214
	128	281.65747	475.88824	94.01719
	129	281.94177	475.5398	94.15329
	130	281.28613	475.5589	94.11874
	131	281.8834	475.9709	94.24549
	132	281.66537	476.79602	94.11378
	133	282.10184	477.54968	93.95329
	134	281.6723	476.83124	94.15957
	135	281.4396	477.56372	94.03451
	136	281.67554	479.45074	93.79541
	137	281.1654	479.11716	93.85876
	138	279.94446	478.70074	93.925
	139	278.62048	479.3327	93.75726
	140	280.0414	479.48816	93.7364
	141	281.7162	478.5406	93.954384
	142	281.08902	478.01245	93.96207
	143	280.15765	478.72333	93.90129
	144	283.08786	479.3648	93.68454
	145	281.6166	480.4904	93.53283
	146	281.76578	480.11884	93.44534
	147	281.21442	479.18542	93.79637
	148	280.74295	479.16614	93.55532
	149	281.62308	480.37112	93.502495
	150	282.08694	479.89233	93.456665
	151	282.01993	479.66284	93.419685


End of Keyframe Data
